0.000000E+00	4.829679E-02	4.789977E-02	4.637390E-02	4.338544E-02	4.089872E-02	3.881488E-02	3.707243E-02	3.424136E-02	3.209895E-02	3.034722E-02	2.889440E-02	2.768090E-02	2.664586E-02	2.573160E-02	2.491569E-02	2.419388E-02	2.356854E-02	2.301332E-02	2.250432E-02	2.203788E-02	2.121937E-02	2.052050E-02	1.992956E-02	1.942150E-02	1.896353E-02	1.855660E-02	1.819204E-02	1.770959E-02	1.729086E-02	1.681479E-02	1.633145E-02	1.592249E-02	1.557315E-02	1.527578E-02	1.501909E-02	1.480336E-02	1.460670E-02	1.443316E-02	1.413388E-02	1.389101E-02	1.368885E-02	1.352511E-02	1.337844E-02	1.314138E-02	1.295182E-02	1.273541E-02	1.249153E-02	1.230768E-02	1.206841E-02	1.189994E-02	1.177236E-02	1.166844E-02	1.157810E-02	1.149779E-02	1.142457E-02	1.129041E-02	1.111256E-02	1.086052E-02	1.042771E-02	9.703544E-03	8.325601E-03	

0.000000E+00	4.728487E-02	4.681588E-02	4.527039E-02	4.228579E-02	3.982787E-02	3.777763E-02	3.606948E-02	3.330071E-02	3.121158E-02	2.950581E-02	2.809262E-02	2.691378E-02	2.590917E-02	2.502223E-02	2.423104E-02	2.353151E-02	2.292594E-02	2.238872E-02	2.189632E-02	2.144525E-02	2.065423E-02	1.997920E-02	1.940898E-02	1.891921E-02	1.847778E-02	1.808582E-02	1.773486E-02	1.727061E-02	1.686790E-02	1.641040E-02	1.594647E-02	1.555414E-02	1.521914E-02	1.493417E-02	1.468832E-02	1.448196E-02	1.429378E-02	1.412781E-02	1.384159E-02	1.360944E-02	1.341628E-02	1.326007E-02	1.311993E-02	1.289352E-02	1.271230E-02	1.250533E-02	1.227212E-02	1.209562E-02	1.186548E-02	1.170270E-02	1.157905E-02	1.147809E-02	1.139011E-02	1.131175E-02	1.124021E-02	1.110894E-02	1.093459E-02	1.068714E-02	1.026168E-02	9.549314E-03	8.193409E-03	

0.000000E+00	4.652311E-02	4.595229E-02	4.436192E-02	4.134560E-02	3.889508E-02	3.686372E-02	3.517903E-02	3.245760E-02	3.041174E-02	2.874456E-02	2.736532E-02	2.621660E-02	2.523871E-02	2.437592E-02	2.360675E-02	2.292714E-02	2.233933E-02	2.181832E-02	2.134092E-02	2.090377E-02	2.013778E-02	1.948450E-02	1.893325E-02	1.846025E-02	1.803402E-02	1.765586E-02	1.731743E-02	1.687001E-02	1.648212E-02	1.604182E-02	1.559590E-02	1.521901E-02	1.489734E-02	1.462391E-02	1.438813E-02	1.419051E-02	1.401021E-02	1.385129E-02	1.357719E-02	1.335502E-02	1.317020E-02	1.302098E-02	1.288689E-02	1.267033E-02	1.249680E-02	1.229853E-02	1.207510E-02	1.190531E-02	1.168349E-02	1.152586E-02	1.140577E-02	1.130746E-02	1.122162E-02	1.114503E-02	1.107501E-02	1.094635E-02	1.077516E-02	1.053186E-02	1.011305E-02	9.411285E-03	8.075124E-03	

0.000000E+00	4.571444E-02	4.506638E-02	4.344803E-02	4.042066E-02	3.798759E-02	3.598066E-02	3.432272E-02	3.165163E-02	2.965005E-02	2.802155E-02	2.667594E-02	2.555688E-02	2.460516E-02	2.376595E-02	2.301820E-02	2.235795E-02	2.178738E-02	2.128211E-02	2.081925E-02	2.039559E-02	1.965382E-02	1.902157E-02	1.848866E-02	1.803189E-02	1.762034E-02	1.725550E-02	1.692920E-02	1.649802E-02	1.612443E-02	1.570074E-02	1.527220E-02	1.491021E-02	1.460138E-02	1.433907E-02	1.411299E-02	1.392377E-02	1.375106E-02	1.359890E-02	1.333644E-02	1.312382E-02	1.294699E-02	1.280446E-02	1.267613E-02	1.246896E-02	1.230273E-02	1.211269E-02	1.189851E-02	1.173502E-02	1.152098E-02	1.136814E-02	1.125136E-02	1.115553E-02	1.107166E-02	1.099671E-02	1.092810E-02	1.080185E-02	1.063357E-02	1.039405E-02	9.981262E-03	9.289018E-03	7.970424E-03	

0.000000E+00	4.486302E-02	4.415887E-02	4.252742E-02	3.950760E-02	3.710137E-02	3.512428E-02	3.349641E-02	3.087895E-02	2.892296E-02	2.733352E-02	2.602151E-02	2.493183E-02	2.400595E-02	2.318992E-02	2.246315E-02	2.182183E-02	2.126810E-02	2.077819E-02	2.032950E-02	1.991898E-02	1.920077E-02	1.858896E-02	1.807388E-02	1.763286E-02	1.723557E-02	1.688366E-02	1.656911E-02	1.615368E-02	1.579395E-02	1.538634E-02	1.497463E-02	1.462704E-02	1.433063E-02	1.407905E-02	1.386232E-02	1.368121E-02	1.351580E-02	1.337015E-02	1.311888E-02	1.291542E-02	1.274624E-02	1.261011E-02	1.248728E-02	1.228904E-02	1.212973E-02	1.194747E-02	1.174201E-02	1.158442E-02	1.137766E-02	1.122929E-02	1.111559E-02	1.102206E-02	1.094003E-02	1.086660E-02	1.079930E-02	1.067527E-02	1.050968E-02	1.027365E-02	9.866334E-03	9.182599E-03	7.879459E-03	

0.000000E+00	4.399591E-02	4.325158E-02	4.161793E-02	3.861879E-02	3.624557E-02	3.430155E-02	3.270550E-02	3.014292E-02	2.823261E-02	2.668184E-02	2.540283E-02	2.434191E-02	2.344123E-02	2.264779E-02	2.194142E-02	2.131849E-02	2.078112E-02	2.030612E-02	1.987120E-02	1.947342E-02	1.877809E-02	1.818611E-02	1.768835E-02	1.726263E-02	1.687918E-02	1.653982E-02	1.623667E-02	1.583652E-02	1.549023E-02	1.509823E-02	1.470285E-02	1.436922E-02	1.408482E-02	1.384361E-02	1.363593E-02	1.346266E-02	1.330430E-02	1.316492E-02	1.292442E-02	1.272976E-02	1.256791E-02	1.243794E-02	1.232036E-02	1.213064E-02	1.197791E-02	1.180303E-02	1.160581E-02	1.145376E-02	1.125382E-02	1.110960E-02	1.099877E-02	1.090740E-02	1.082708E-02	1.075506E-02	1.068898E-02	1.056703E-02	1.040392E-02	1.017108E-02	9.768694E-03	9.092434E-03	7.802568E-03	

0.000000E+00	4.313439E-02	4.236177E-02	4.073372E-02	3.776433E-02	3.542807E-02	3.351889E-02	3.195544E-02	2.944774E-02	2.758245E-02	2.606944E-02	2.482248E-02	2.378942E-02	2.291312E-02	2.214149E-02	2.145481E-02	2.084962E-02	2.032803E-02	1.986744E-02	1.944580E-02	1.906033E-02	1.838708E-02	1.781426E-02	1.733323E-02	1.692231E-02	1.655223E-02	1.622500E-02	1.593289E-02	1.554752E-02	1.521423E-02	1.483730E-02	1.445771E-02	1.413755E-02	1.386474E-02	1.363354E-02	1.343456E-02	1.326885E-02	1.311727E-02	1.298392E-02	1.275374E-02	1.256752E-02	1.241269E-02	1.228859E-02	1.217603E-02	1.199441E-02	1.184791E-02	1.167999E-02	1.149052E-02	1.134362E-02	1.115000E-02	1.100961E-02	1.090140E-02	1.081199E-02	1.073324E-02	1.066251E-02	1.059753E-02	1.047746E-02	1.031659E-02	1.008661E-02	9.688557E-03	9.018699E-03	7.739895E-03	

0.000000E+00	4.231689E-02	4.151956E-02	3.989862E-02	3.695982E-02	3.466016E-02	3.278497E-02	3.125315E-02	2.879830E-02	2.697622E-02	2.549937E-02	2.428306E-02	2.327664E-02	2.242367E-02	2.167291E-02	2.100506E-02	2.041685E-02	1.991040E-02	1.946365E-02	1.905474E-02	1.868110E-02	1.802908E-02	1.747467E-02	1.700976E-02	1.661311E-02	1.625591E-02	1.594038E-02	1.565891E-02	1.528779E-02	1.496702E-02	1.460463E-02	1.424025E-02	1.393307E-02	1.367141E-02	1.344983E-02	1.325922E-02	1.310077E-02	1.295568E-02	1.282810E-02	1.260779E-02	1.242961E-02	1.228146E-02	1.216296E-02	1.205514E-02	1.188119E-02	1.174055E-02	1.157917E-02	1.139694E-02	1.125482E-02	1.106706E-02	1.093019E-02	1.082442E-02	1.073684E-02	1.065953E-02	1.058998E-02	1.052603E-02	1.040768E-02	1.024884E-02	1.002140E-02	9.627064E-03	8.962452E-03	7.692322E-03	

0.000000E+00	4.151225E-02	4.069898E-02	3.909078E-02	3.618861E-02	3.392785E-02	3.208738E-02	3.058731E-02	2.818460E-02	2.640480E-02	2.496314E-02	2.377657E-02	2.279598E-02	2.196564E-02	2.123512E-02	2.058555E-02	2.001382E-02	1.952207E-02	1.908877E-02	1.869226E-02	1.833013E-02	1.769878E-02	1.716233E-02	1.671315E-02	1.633043E-02	1.598582E-02	1.568171E-02	1.541064E-02	1.505344E-02	1.474489E-02	1.439669E-02	1.404718E-02	1.375264E-02	1.350183E-02	1.328959E-02	1.310710E-02	1.295571E-02	1.281691E-02	1.269492E-02	1.248414E-02	1.231370E-02	1.217196E-02	1.205884E-02	1.195556E-02	1.178892E-02	1.165384E-02	1.149862E-02	1.132322E-02	1.118555E-02	1.100321E-02	1.086959E-02	1.076604E-02	1.068012E-02	1.060412E-02	1.053565E-02	1.047261E-02	1.035581E-02	1.019875E-02	9.973504E-03	9.582282E-03	8.921831E-03	7.658209E-03	

0.000000E+00	4.077822E-02	3.994252E-02	3.834309E-02	3.547274E-02	3.324833E-02	3.144069E-02	2.997084E-02	2.761755E-02	2.587790E-02	2.446965E-02	2.331133E-02	2.235533E-02	2.154655E-02	2.083537E-02	2.020326E-02	1.964730E-02	1.916964E-02	1.874927E-02	1.836467E-02	1.801361E-02	1.740217E-02	1.688304E-02	1.644905E-02	1.607981E-02	1.574736E-02	1.545430E-02	1.519329E-02	1.484955E-02	1.455282E-02	1.421834E-02	1.388318E-02	1.360085E-02	1.336048E-02	1.315724E-02	1.298256E-02	1.283796E-02	1.270519E-02	1.258854E-02	1.238687E-02	1.222380E-02	1.208816E-02	1.198015E-02	1.188115E-02	1.172138E-02	1.159150E-02	1.144201E-02	1.127293E-02	1.113932E-02	1.096194E-02	1.083124E-02	1.072972E-02	1.064531E-02	1.057051E-02	1.050301E-02	1.044080E-02	1.032538E-02	1.016988E-02	9.946493E-03	9.557734E-03	8.900211E-03	7.640525E-03	

0.000000E+00	4.032651E-02	3.942237E-02	3.779740E-02	3.491443E-02	3.270197E-02	3.091125E-02	2.946038E-02	2.714136E-02	2.543215E-02	2.405039E-02	2.291510E-02	2.197964E-02	2.118918E-02	2.049464E-02	1.987770E-02	1.933557E-02	1.887036E-02	1.846149E-02	1.808754E-02	1.774643E-02	1.715301E-02	1.664961E-02	1.622952E-02	1.587264E-02	1.555138E-02	1.526850E-02	1.501678E-02	1.468551E-02	1.439972E-02	1.407795E-02	1.375612E-02	1.348510E-02	1.325443E-02	1.305952E-02	1.289205E-02	1.275373E-02	1.262652E-02	1.251479E-02	1.232145E-02	1.216510E-02	1.203501E-02	1.193165E-02	1.183649E-02	1.168288E-02	1.155758E-02	1.141311E-02	1.124951E-02	1.111934E-02	1.094613E-02	1.081786E-02	1.071800E-02	1.063486E-02	1.056104E-02	1.049434E-02	1.043281E-02	1.031850E-02	1.016424E-02	9.942262E-03	9.555175E-03	8.899178E-03	7.640607E-03	

0.000000E+00	4.003521E-02	3.905018E-02	3.738692E-02	3.447133E-02	3.225765E-02	3.047425E-02	2.903515E-02	2.674024E-02	2.505468E-02	2.369444E-02	2.257840E-02	2.166053E-02	2.088603E-02	2.020615E-02	1.960273E-02	1.907299E-02	1.861905E-02	1.822068E-02	1.785647E-02	1.752450E-02	1.694775E-02	1.645898E-02	1.605187E-02	1.570658E-02	1.539581E-02	1.512251E-02	1.487955E-02	1.456004E-02	1.428457E-02	1.397481E-02	1.366559E-02	1.340525E-02	1.318369E-02	1.299661E-02	1.283592E-02	1.270351E-02	1.258148E-02	1.247434E-02	1.228874E-02	1.213860E-02	1.201359E-02	1.191450E-02	1.182284E-02	1.167476E-02	1.155353E-02	1.141347E-02	1.125460E-02	1.112730E-02	1.095750E-02	1.083115E-02	1.073259E-02	1.065043E-02	1.057736E-02	1.051125E-02	1.045022E-02	1.033673E-02	1.018331E-02	9.962206E-03	9.575883E-03	8.919876E-03	7.659415E-03	

0.000000E+00	3.969676E-02	3.865633E-02	3.697121E-02	3.404157E-02	3.183518E-02	3.006351E-02	2.863889E-02	2.637070E-02	2.470998E-02	2.337182E-02	2.227529E-02	2.137516E-02	2.061669E-02	1.995153E-02	1.936162E-02	1.884429E-02	1.840164E-02	1.801379E-02	1.765934E-02	1.733652E-02	1.677646E-02	1.630231E-02	1.590821E-02	1.557453E-02	1.527426E-02	1.501052E-02	1.477633E-02	1.446854E-02	1.420335E-02	1.390554E-02	1.360882E-02	1.335905E-02	1.314650E-02	1.296712E-02	1.281307E-02	1.268646E-02	1.256949E-02	1.246682E-02	1.228870E-02	1.214454E-02	1.202441E-02	1.192940E-02	1.184105E-02	1.169819E-02	1.158074E-02	1.144472E-02	1.129015E-02	1.116534E-02	1.099843E-02	1.087359E-02	1.077604E-02	1.069459E-02	1.062205E-02	1.055635E-02	1.049564E-02	1.038261E-02	1.022959E-02	1.000871E-02	9.622070E-03	8.964268E-03	7.698557E-03	

0.000000E+00	3.937440E-02	3.828960E-02	3.658919E-02	3.365186E-02	3.145516E-02	2.969602E-02	2.828617E-02	2.604435E-02	2.440796E-02	2.309133E-02	2.201382E-02	2.113102E-02	2.038828E-02	1.973756E-02	1.916094E-02	1.865583E-02	1.822432E-02	1.784690E-02	1.750211E-02	1.718838E-02	1.664490E-02	1.618528E-02	1.580413E-02	1.548203E-02	1.519221E-02	1.493799E-02	1.471250E-02	1.441637E-02	1.416135E-02	1.387536E-02	1.359102E-02	1.335165E-02	1.314791E-02	1.297606E-02	1.282847E-02	1.270750E-02	1.259543E-02	1.249705E-02	1.232609E-02	1.218761E-02	1.207208E-02	1.198092E-02	1.189563E-02	1.175756E-02	1.164350E-02	1.151104E-02	1.136018E-02	1.123737E-02	1.107270E-02	1.094890E-02	1.085197E-02	1.077094E-02	1.069865E-02	1.063310E-02	1.057248E-02	1.045950E-02	1.030632E-02	1.008490E-02	9.696638E-03	9.034963E-03	7.760203E-03	

0.000000E+00	3.912890E-02	3.799764E-02	3.627907E-02	3.332893E-02	3.113836E-02	2.938875E-02	2.799142E-02	2.577244E-02	2.415801E-02	2.286118E-02	2.180138E-02	2.093495E-02	2.020722E-02	1.957038E-02	1.900658E-02	1.851332E-02	1.809270E-02	1.772552E-02	1.739022E-02	1.708544E-02	1.655832E-02	1.611308E-02	1.574480E-02	1.543421E-02	1.515476E-02	1.490998E-02	1.469315E-02	1.440856E-02	1.416362E-02	1.388931E-02	1.361717E-02	1.338801E-02	1.319288E-02	1.302835E-02	1.288703E-02	1.277153E-02	1.266415E-02	1.256989E-02	1.240573E-02	1.227259E-02	1.216136E-02	1.207380E-02	1.199130E-02	1.185757E-02	1.174648E-02	1.161707E-02	1.146928E-02	1.134794E-02	1.118474E-02	1.106140E-02	1.096463E-02	1.088362E-02	1.081123E-02	1.074550E-02	1.068467E-02	1.057119E-02	1.041712E-02	1.019413E-02	9.802606E-03	9.134563E-03	7.846426E-03	

0.000000E+00	3.897238E-02	3.778960E-02	3.604831E-02	3.307778E-02	3.088871E-02	2.914516E-02	2.775786E-02	2.555806E-02	2.396329E-02	2.268466E-02	2.164143E-02	2.079059E-02	2.007730E-02	1.945394E-02	1.890265E-02	1.842102E-02	1.801114E-02	1.765411E-02	1.732823E-02	1.703236E-02	1.652158E-02	1.609070E-02	1.573531E-02	1.543626E-02	1.516719E-02	1.493185E-02	1.472368E-02	1.445060E-02	1.421567E-02	1.395294E-02	1.369288E-02	1.347375E-02	1.328703E-02	1.312961E-02	1.299434E-02	1.288413E-02	1.278124E-02	1.269088E-02	1.253310E-02	1.240491E-02	1.229762E-02	1.221333E-02	1.213331E-02	1.200333E-02	1.189470E-02	1.176769E-02	1.162214E-02	1.150158E-02	1.133889E-02	1.121527E-02	1.111806E-02	1.103657E-02	1.096364E-02	1.089736E-02	1.083596E-02	1.072131E-02	1.056550E-02	1.033978E-02	9.943153E-03	9.265971E-03	7.959660E-03	

0.000000E+00	3.892375E-02	3.768140E-02	3.591018E-02	3.290847E-02	3.071455E-02	2.897242E-02	2.759192E-02	2.540672E-02	2.382886E-02	2.256661E-02	2.153871E-02	2.070265E-02	2.000328E-02	1.939304E-02	1.885401E-02	1.838384E-02	1.798463E-02	1.763777E-02	1.732131E-02	1.703437E-02	1.654003E-02	1.612359E-02	1.578120E-02	1.549381E-02	1.523518E-02	1.500933E-02	1.480985E-02	1.454830E-02	1.432335E-02	1.407212E-02	1.382402E-02	1.361473E-02	1.343619E-02	1.328564E-02	1.315617E-02	1.305101E-02	1.295234E-02	1.286564E-02	1.271374E-02	1.259001E-02	1.248620E-02	1.240479E-02	1.232685E-02	1.219992E-02	1.209308E-02	1.196767E-02	1.182334E-02	1.170271E-02	1.153931E-02	1.141451E-02	1.131614E-02	1.123358E-02	1.115960E-02	1.109229E-02	1.102990E-02	1.091334E-02	1.075485E-02	1.052513E-02	1.012142E-02	9.432139E-03	8.102525E-03	

0.000000E+00	3.897641E-02	3.766521E-02	3.585679E-02	3.281346E-02	3.060896E-02	2.886427E-02	2.748785E-02	2.531359E-02	2.375051E-02	2.250331E-02	2.148992E-02	2.066818E-02	1.998249E-02	1.938528E-02	1.885848E-02	1.839981E-02	1.801135E-02	1.767479E-02	1.736787E-02	1.708999E-02	1.661232E-02	1.621052E-02	1.588133E-02	1.560576E-02	1.535768E-02	1.514139E-02	1.495066E-02	1.470069E-02	1.448569E-02	1.424593E-02	1.400969E-02	1.381009E-02	1.363953E-02	1.349564E-02	1.337174E-02	1.327146E-02	1.317678E-02	1.309351E-02	1.294703E-02	1.282735E-02	1.272665E-02	1.264778E-02	1.257159E-02	1.244713E-02	1.234159E-02	1.221715E-02	1.207336E-02	1.195209E-02	1.178731E-02	1.166084E-02	1.156098E-02	1.147708E-02	1.140182E-02	1.133328E-02	1.126972E-02	1.115090E-02	1.098926E-02	1.075484E-02	1.034273E-02	9.638829E-03	8.280495E-03	

0.000000E+00	3.906281E-02	3.768299E-02	3.583721E-02	3.275186E-02	3.053669E-02	2.878930E-02	2.741689E-02	2.525369E-02	2.370566E-02	2.247387E-02	2.147542E-02	2.066843E-02	1.999684E-02	1.941305E-02	1.889883E-02	1.845199E-02	1.807458E-02	1.774861E-02	1.745146E-02	1.718286E-02	1.672224E-02	1.633534E-02	1.601957E-02	1.575598E-02	1.551855E-02	1.531187E-02	1.512993E-02	1.489152E-02	1.468644E-02	1.445804E-02	1.423351E-02	1.404338E-02	1.388056E-02	1.374309E-02	1.362453E-02	1.352893E-02	1.343802E-02	1.335796E-02	1.321650E-02	1.310048E-02	1.300255E-02	1.292597E-02	1.285126E-02	1.272883E-02	1.262419E-02	1.250032E-02	1.235666E-02	1.223447E-02	1.206809E-02	1.193990E-02	1.183855E-02	1.175336E-02	1.167685E-02	1.160711E-02	1.154240E-02	1.142133E-02	1.125648E-02	1.101716E-02	1.059595E-02	9.875671E-03	8.484597E-03	

0.000000E+00	3.917607E-02	3.772902E-02	3.584669E-02	3.272013E-02	3.049486E-02	2.874509E-02	2.737700E-02	2.522549E-02	2.369319E-02	2.247750E-02	2.149463E-02	2.070299E-02	2.004607E-02	1.947620E-02	1.897500E-02	1.854038E-02	1.817438E-02	1.785934E-02	1.757223E-02	1.731315E-02	1.686996E-02	1.649824E-02	1.619611E-02	1.594468E-02	1.571799E-02	1.552096E-02	1.534783E-02	1.512094E-02	1.492568E-02	1.470848E-02	1.449544E-02	1.431451E-02	1.415913E-02	1.402777E-02	1.391426E-02	1.382309E-02	1.373567E-02	1.365858E-02	1.352164E-02	1.340885E-02	1.331331E-02	1.323870E-02	1.316517E-02	1.304427E-02	1.294012E-02	1.281635E-02	1.267233E-02	1.254886E-02	1.238050E-02	1.225035E-02	1.214735E-02	1.206073E-02	1.198285E-02	1.191181E-02	1.184584E-02	1.172230E-02	1.155393E-02	1.130925E-02	1.087805E-02	1.013973E-02	8.712370E-03	

0.000000E+00	3.931937E-02	3.780667E-02	3.588861E-02	3.272153E-02	3.048659E-02	2.873468E-02	2.737117E-02	2.523196E-02	2.371609E-02	2.251723E-02	2.155065E-02	2.077502E-02	2.013337E-02	1.957797E-02	1.909026E-02	1.866828E-02	1.831408E-02	1.801032E-02	1.773354E-02	1.748426E-02	1.705891E-02	1.670267E-02	1.641440E-02	1.617530E-02	1.595946E-02	1.577212E-02	1.560781E-02	1.539240E-02	1.520688E-02	1.500070E-02	1.479891E-02	1.462688E-02	1.447863E-02	1.435307E-02	1.424430E-02	1.415730E-02	1.407308E-02	1.399869E-02	1.386577E-02	1.375577E-02	1.366223E-02	1.358928E-02	1.351664E-02	1.339677E-02	1.329270E-02	1.316859E-02	1.302377E-02	1.289872E-02	1.272805E-02	1.259577E-02	1.249098E-02	1.240283E-02	1.232349E-02	1.225104E-02	1.218372E-02	1.205750E-02	1.188530E-02	1.163476E-02	1.119256E-02	1.043427E-02	8.966559E-03	

0.000000E+00	3.949311E-02	3.791636E-02	3.596340E-02	3.275662E-02	3.051260E-02	2.875894E-02	2.740039E-02	2.527436E-02	2.377587E-02	2.259476E-02	2.164534E-02	2.088651E-02	2.026085E-02	1.972057E-02	1.924689E-02	1.883806E-02	1.849608E-02	1.820402E-02	1.793790E-02	1.769870E-02	1.729167E-02	1.695124E-02	1.667709E-02	1.645050E-02	1.624560E-02	1.606799E-02	1.591253E-02	1.570855E-02	1.553264E-02	1.533730E-02	1.514651E-02	1.498306E-02	1.484159E-02	1.472150E-02	1.461714E-02	1.453405E-02	1.445274E-02	1.438076E-02	1.425134E-02	1.414367E-02	1.405174E-02	1.398013E-02	1.390808E-02	1.378874E-02	1.368434E-02	1.355945E-02	1.341344E-02	1.328650E-02	1.311329E-02	1.297872E-02	1.287208E-02	1.278233E-02	1.270147E-02	1.262755E-02	1.255881E-02	1.242976E-02	1.225347E-02	1.199661E-02	1.154242E-02	1.076212E-02	9.249653E-03	

0.000000E+00	3.970447E-02	3.806369E-02	3.607559E-02	3.282871E-02	3.057561E-02	2.882033E-02	2.746700E-02	2.535495E-02	2.387480E-02	2.271241E-02	2.178109E-02	2.103992E-02	2.043102E-02	1.990653E-02	1.944747E-02	1.905230E-02	1.872298E-02	1.844305E-02	1.818793E-02	1.795910E-02	1.757086E-02	1.724656E-02	1.698675E-02	1.677286E-02	1.657898E-02	1.641112E-02	1.626450E-02	1.607184E-02	1.590542E-02	1.572069E-02	1.554058E-02	1.538535E-02	1.525029E-02	1.513529E-02	1.503499E-02	1.495551E-02	1.487679E-02	1.480694E-02	1.468047E-02	1.457465E-02	1.448392E-02	1.441335E-02	1.434158E-02	1.422229E-02	1.411716E-02	1.399108E-02	1.384350E-02	1.371441E-02	1.353841E-02	1.340143E-02	1.329283E-02	1.320143E-02	1.311896E-02	1.304351E-02	1.297327E-02	1.284122E-02	1.266056E-02	1.239689E-02	1.192965E-02	1.112517E-02	9.563297E-03	

0.000000E+00	3.994851E-02	3.824498E-02	3.622236E-02	3.293609E-02	3.067458E-02	2.891824E-02	2.757072E-02	2.547399E-02	2.401354E-02	2.287114E-02	2.195907E-02	2.123660E-02	2.064537E-02	2.013747E-02	1.969369E-02	1.931276E-02	1.899662E-02	1.872929E-02	1.848554E-02	1.826742E-02	1.789847E-02	1.759065E-02	1.734545E-02	1.714444E-02	1.696166E-02	1.680358E-02	1.666578E-02	1.648437E-02	1.632728E-02	1.615291E-02	1.598318E-02	1.583579E-02	1.570675E-02	1.559647E-02	1.549987E-02	1.542369E-02	1.534725E-02	1.527923E-02	1.515518E-02	1.505074E-02	1.496081E-02	1.489097E-02	1.481920E-02	1.469949E-02	1.459325E-02	1.446559E-02	1.431607E-02	1.418455E-02	1.400547E-02	1.386587E-02	1.375516E-02	1.366194E-02	1.357775E-02	1.350064E-02	1.342879E-02	1.329350E-02	1.310812E-02	1.283712E-02	1.235574E-02	1.152493E-02	9.908890E-03	

0.000000E+00	4.022748E-02	3.846218E-02	3.640538E-02	3.308014E-02	3.081075E-02	2.905395E-02	2.771288E-02	2.563294E-02	2.419372E-02	2.307274E-02	2.218119E-02	2.147854E-02	2.090598E-02	2.041550E-02	1.998771E-02	1.962163E-02	1.931920E-02	1.906495E-02	1.883296E-02	1.862588E-02	1.827673E-02	1.798571E-02	1.775535E-02	1.756738E-02	1.739577E-02	1.724745E-02	1.711844E-02	1.694813E-02	1.680020E-02	1.663589E-02	1.647617E-02	1.633621E-02	1.621275E-02	1.610679E-02	1.601351E-02	1.594031E-02	1.586580E-02	1.579932E-02	1.567711E-02	1.557358E-02	1.548406E-02	1.541465E-02	1.534260E-02	1.522203E-02	1.511432E-02	1.498472E-02	1.483299E-02	1.469879E-02	1.451639E-02	1.437398E-02	1.426098E-02	1.416581E-02	1.407975E-02	1.400086E-02	1.392727E-02	1.378848E-02	1.359803E-02	1.331917E-02	1.282253E-02	1.196311E-02	1.028792E-02	

0.000000E+00	4.054175E-02	3.871586E-02	3.662530E-02	3.326166E-02	3.098506E-02	2.922851E-02	2.789467E-02	2.583327E-02	2.441702E-02	2.331902E-02	2.244941E-02	2.176779E-02	2.121496E-02	2.074280E-02	2.033174E-02	1.998113E-02	1.969295E-02	1.945229E-02	1.923241E-02	1.903671E-02	1.870783E-02	1.843393E-02	1.821859E-02	1.804380E-02	1.788336E-02	1.774476E-02	1.762446E-02	1.746506E-02	1.732603E-02	1.717144E-02	1.702130E-02	1.688828E-02	1.676992E-02	1.666783E-02	1.657746E-02	1.650688E-02	1.643396E-02	1.636868E-02	1.624774E-02	1.614464E-02	1.605513E-02	1.598587E-02	1.591329E-02	1.579145E-02	1.568196E-02	1.555013E-02	1.539598E-02	1.525895E-02	1.507311E-02	1.492781E-02	1.481243E-02	1.471520E-02	1.462718E-02	1.454641E-02	1.447100E-02	1.432850E-02	1.413263E-02	1.384536E-02	1.333228E-02	1.244186E-02	1.070228E-02	

0.000000E+00	4.088482E-02	3.900126E-02	3.687848E-02	3.347843E-02	3.119604E-02	2.944104E-02	2.811564E-02	2.607517E-02	2.468409E-02	2.361099E-02	2.276496E-02	2.210576E-02	2.157384E-02	2.112100E-02	2.072747E-02	2.039303E-02	2.011966E-02	1.989312E-02	1.968577E-02	1.950177E-02	1.919366E-02	1.893716E-02	1.873704E-02	1.857552E-02	1.842626E-02	1.829731E-02	1.818562E-02	1.803690E-02	1.790651E-02	1.776123E-02	1.762021E-02	1.749362E-02	1.737987E-02	1.728120E-02	1.719331E-02	1.712502E-02	1.705334E-02	1.698897E-02	1.686874E-02	1.676562E-02	1.667577E-02	1.660643E-02	1.653309E-02	1.640968E-02	1.629818E-02	1.616395E-02	1.600737E-02	1.586753E-02	1.567841E-02	1.553032E-02	1.541264E-02	1.531341E-02	1.522343E-02	1.514077E-02	1.506350E-02	1.491717E-02	1.471563E-02	1.441943E-02	1.388866E-02	1.296456E-02	1.115475E-02	

0.000000E+00	4.126004E-02	3.932141E-02	3.716757E-02	3.373261E-02	3.144563E-02	2.969339E-02	2.837765E-02	2.636059E-02	2.499699E-02	2.395078E-02	2.313002E-02	2.249469E-02	2.198490E-02	2.155237E-02	2.117716E-02	2.085956E-02	2.060157E-02	2.038964E-02	2.019519E-02	2.002321E-02	1.973630E-02	1.949743E-02	1.931263E-02	1.916447E-02	1.902631E-02	1.890688E-02	1.880367E-02	1.866533E-02	1.854326E-02	1.840685E-02	1.827442E-02	1.815371E-02	1.804404E-02	1.794829E-02	1.786246E-02	1.779613E-02	1.772534E-02	1.766157E-02	1.754151E-02	1.743794E-02	1.734742E-02	1.727780E-02	1.720351E-02	1.707826E-02	1.696458E-02	1.682785E-02	1.666893E-02	1.652634E-02	1.633418E-02	1.618349E-02	1.606363E-02	1.596247E-02	1.587057E-02	1.578604E-02	1.570690E-02	1.555663E-02	1.534914E-02	1.504348E-02	1.449367E-02	1.353309E-02	1.164700E-02	

0.000000E+00	4.166580E-02	3.967489E-02	3.749132E-02	3.402338E-02	3.173339E-02	2.998552E-02	2.868099E-02	2.669034E-02	2.535693E-02	2.433986E-02	2.354627E-02	2.293637E-02	2.245002E-02	2.203887E-02	2.168282E-02	2.138274E-02	2.114069E-02	2.094389E-02	2.076270E-02	2.060302E-02	2.033770E-02	2.011666E-02	1.994726E-02	1.981245E-02	1.968529E-02	1.957522E-02	1.948029E-02	1.935197E-02	1.923784E-02	1.910978E-02	1.898534E-02	1.886990E-02	1.876374E-02	1.867041E-02	1.858618E-02	1.852147E-02	1.845121E-02	1.838773E-02	1.826731E-02	1.816287E-02	1.807135E-02	1.800127E-02	1.792586E-02	1.779855E-02	1.768252E-02	1.754320E-02	1.738202E-02	1.723673E-02	1.704171E-02	1.688854E-02	1.676661E-02	1.666358E-02	1.656980E-02	1.648342E-02	1.640241E-02	1.624815E-02	1.603453E-02	1.571897E-02	1.514891E-02	1.414907E-02	1.218056E-02	

0.000000E+00	4.210121E-02	4.006122E-02	3.784946E-02	3.435080E-02	3.205968E-02	3.031806E-02	2.902657E-02	2.706576E-02	2.576554E-02	2.478009E-02	2.401570E-02	2.343289E-02	2.297135E-02	2.258266E-02	2.224662E-02	2.196476E-02	2.173919E-02	2.155801E-02	2.139042E-02	2.124331E-02	2.099992E-02	2.079683E-02	2.064283E-02	2.052135E-02	2.040501E-02	2.030407E-02	2.021717E-02	2.009846E-02	1.999183E-02	1.987155E-02	1.975443E-02	1.964361E-02	1.954035E-02	1.944892E-02	1.936584E-02	1.930239E-02	1.923233E-02	1.916884E-02	1.904752E-02	1.894179E-02	1.884896E-02	1.877821E-02	1.870151E-02	1.857187E-02	1.845326E-02	1.831113E-02	1.814749E-02	1.799925E-02	1.780102E-02	1.764509E-02	1.752089E-02	1.741587E-02	1.732011E-02	1.723178E-02	1.714887E-02	1.699050E-02	1.677055E-02	1.644476E-02	1.585344E-02	1.481195E-02	1.275531E-02	

0.000000E+00	4.256794E-02	4.048197E-02	3.824341E-02	3.471625E-02	3.242595E-02	3.069265E-02	2.941617E-02	2.748894E-02	2.622513E-02	2.527390E-02	2.454080E-02	2.398676E-02	2.355140E-02	2.318625E-02	2.287102E-02	2.260802E-02	2.239944E-02	2.223432E-02	2.208060E-02	2.194629E-02	2.172504E-02	2.153992E-02	2.140122E-02	2.129294E-02	2.118717E-02	2.109506E-02	2.101589E-02	2.090626E-02	2.080663E-02	2.069348E-02	2.058294E-02	2.047605E-02	2.037507E-02	2.028500E-02	2.020262E-02	2.014011E-02	2.006992E-02	2.000614E-02	1.988347E-02	1.977613E-02	1.968176E-02	1.961026E-02	1.953218E-02	1.940012E-02	1.927888E-02	1.913393E-02	1.896793E-02	1.881673E-02	1.861528E-02	1.845652E-02	1.833001E-02	1.822296E-02	1.812518E-02	1.803489E-02	1.795004E-02	1.778748E-02	1.756099E-02	1.722457E-02	1.661081E-02	1.552498E-02	1.337397E-02	

0.000000E+00	4.307926E-02	4.094982E-02	3.868514E-02	3.513073E-02	3.284267E-02	3.111942E-02	2.985977E-02	2.796954E-02	2.674514E-02	2.583054E-02	2.513064E-02	2.460689E-02	2.419892E-02	2.385823E-02	2.356448E-02	2.332083E-02	2.312962E-02	2.298091E-02	2.284124E-02	2.271982E-02	2.252076E-02	2.235347E-02	2.222985E-02	2.213452E-02	2.203896E-02	2.195529E-02	2.188346E-02	2.178230E-02	2.168909E-02	2.158234E-02	2.147761E-02	2.137391E-02	2.127457E-02	2.118533E-02	2.110322E-02	2.104136E-02	2.097075E-02	2.090645E-02	2.078205E-02	2.067285E-02	2.057680E-02	2.050454E-02	2.042507E-02	2.029066E-02	2.016688E-02	2.001927E-02	1.985128E-02	1.969731E-02	1.949288E-02	1.933140E-02	1.920262E-02	1.909355E-02	1.899373E-02	1.890145E-02	1.881464E-02	1.864777E-02	1.841442E-02	1.806674E-02	1.742897E-02	1.629538E-02	1.404259E-02	

0.000000E+00	4.363758E-02	4.146701E-02	3.917677E-02	3.559643E-02	3.331231E-02	3.160117E-02	3.036043E-02	2.851104E-02	2.732933E-02	2.645391E-02	2.578920E-02	2.529728E-02	2.491793E-02	2.460259E-02	2.433096E-02	2.410712E-02	2.393360E-02	2.380159E-02	2.367609E-02	2.356763E-02	2.339067E-02	2.324098E-02	2.313212E-02	2.304943E-02	2.296365E-02	2.288797E-02	2.282302E-02	2.272966E-02	2.264223E-02	2.254111E-02	2.244139E-02	2.234016E-02	2.224182E-02	2.215290E-02	2.207065E-02	2.200920E-02	2.193793E-02	2.187293E-02	2.174653E-02	2.163536E-02	2.153759E-02	2.146470E-02	2.138395E-02	2.124749E-02	2.112145E-02	2.097167E-02	2.080248E-02	2.064626E-02	2.043963E-02	2.027586E-02	2.014509E-02	2.003413E-02	1.993233E-02	1.983806E-02	1.974927E-02	1.957790E-02	1.933728E-02	1.897749E-02	1.831371E-02	1.712838E-02	1.476545E-02	

0.000000E+00	4.423204E-02	4.202338E-02	3.970887E-02	3.610540E-02	3.382809E-02	3.213204E-02	3.091308E-02	2.910952E-02	2.797451E-02	2.714131E-02	2.651411E-02	2.605579E-02	2.570640E-02	2.541741E-02	2.516856E-02	2.496503E-02	2.480953E-02	2.469449E-02	2.458327E-02	2.448777E-02	2.433279E-02	2.420039E-02	2.410590E-02	2.403545E-02	2.395895E-02	2.389074E-02	2.383218E-02	2.374586E-02	2.366352E-02	2.356722E-02	2.347168E-02	2.337216E-02	2.327419E-02	2.318510E-02	2.310233E-02	2.304107E-02	2.296894E-02	2.290309E-02	2.277451E-02	2.266130E-02	2.256186E-02	2.248851E-02	2.240664E-02	2.226854E-02	2.214061E-02	2.198922E-02	2.181974E-02	2.166190E-02	2.145402E-02	2.128854E-02	2.115616E-02	2.104356E-02	2.093992E-02	2.084376E-02	2.075302E-02	2.057711E-02	2.032886E-02	1.995617E-02	1.926443E-02	1.802338E-02	1.554196E-02	

0.000000E+00	4.486494E-02	4.262100E-02	4.028349E-02	3.665999E-02	3.439279E-02	3.271525E-02	3.152127E-02	2.976894E-02	2.868486E-02	2.789703E-02	2.730966E-02	2.688663E-02	2.656850E-02	2.630674E-02	2.608126E-02	2.589839E-02	2.576113E-02	2.566326E-02	2.556630E-02	2.548370E-02	2.535036E-02	2.523478E-02	2.515412E-02	2.509536E-02	2.502754E-02	2.496620E-02	2.491345E-02	2.483333E-02	2.475533E-02	2.466296E-02	2.457076E-02	2.447217E-02	2.437393E-02	2.428415E-02	2.420048E-02	2.413920E-02	2.406599E-02	2.399914E-02	2.386815E-02	2.375279E-02	2.365162E-02	2.357789E-02	2.349496E-02	2.335536E-02	2.322565E-02	2.307279E-02	2.290332E-02	2.274405E-02	2.253527E-02	2.236835E-02	2.223463E-02	2.212060E-02	2.201528E-02	2.191735E-02	2.182476E-02	2.164443E-02	2.138844E-02	2.100235E-02	2.028122E-02	1.898110E-02	1.637327E-02	

0.000000E+00	4.554025E-02	4.326352E-02	4.090416E-02	3.726397E-02	3.501064E-02	3.335541E-02	3.218991E-02	3.049463E-02	2.946591E-02	2.872663E-02	2.818139E-02	2.779528E-02	2.750960E-02	2.727587E-02	2.707420E-02	2.691226E-02	2.679334E-02	2.671272E-02	2.662991E-02	2.656002E-02	2.644781E-02	2.634842E-02	2.628093E-02	2.623315E-02	2.617330E-02	2.611814E-02	2.607054E-02	2.599569E-02	2.592121E-02	2.583186E-02	2.574209E-02	2.564361E-02	2.554441E-02	2.545338E-02	2.536838E-02	2.530683E-02	2.523228E-02	2.516420E-02	2.503042E-02	2.491259E-02	2.480943E-02	2.473514E-02	2.465092E-02	2.450945E-02	2.437753E-02	2.422260E-02	2.405236E-02	2.389103E-02	2.368065E-02	2.351202E-02	2.337699E-02	2.326164E-02	2.315480E-02	2.305531E-02	2.296107E-02	2.277667E-02	2.251320E-02	2.211363E-02	2.136250E-02	2.000091E-02	1.725957E-02	

0.000000E+00	4.626282E-02	4.395559E-02	4.157551E-02	3.792243E-02	3.568725E-02	3.405856E-02	3.292541E-02	3.129336E-02	3.032455E-02	2.963701E-02	2.913610E-02	2.878844E-02	2.853626E-02	2.833118E-02	2.815362E-02	2.801271E-02	2.791209E-02	2.784868E-02	2.777979E-02	2.772229E-02	2.763049E-02	2.754648E-02	2.749135E-02	2.745374E-02	2.740106E-02	2.735131E-02	2.730816E-02	2.723759E-02	2.716580E-02	2.707853E-02	2.699038E-02	2.689128E-02	2.679055E-02	2.669786E-02	2.661126E-02	2.654933E-02	2.647336E-02	2.640398E-02	2.626737E-02	2.614709E-02	2.604196E-02	2.596724E-02	2.588180E-02	2.573860E-02	2.560449E-02	2.544742E-02	2.527634E-02	2.511277E-02	2.490066E-02	2.473024E-02	2.459400E-02	2.447745E-02	2.436919E-02	2.426823E-02	2.417243E-02	2.398410E-02	2.371303E-02	2.329944E-02	2.251684E-02	2.109028E-02	1.820679E-02	

0.000000E+00	4.703977E-02	4.470394E-02	4.230422E-02	3.864239E-02	3.643018E-02	3.483264E-02	3.373597E-02	3.217359E-02	3.126930E-02	3.063660E-02	3.018210E-02	2.987421E-02	2.965639E-02	2.948040E-02	2.932705E-02	2.920709E-02	2.912458E-02	2.907817E-02	2.902281E-02	2.897728E-02	2.890490E-02	2.883526E-02	2.879153E-02	2.876319E-02	2.871679E-02	2.867162E-02	2.863215E-02	2.856483E-02	2.849488E-02	2.840882E-02	2.832157E-02	2.822127E-02	2.811864E-02	2.802406E-02	2.793579E-02	2.787361E-02	2.779633E-02	2.772582E-02	2.758675E-02	2.746444E-02	2.735777E-02	2.728313E-02	2.719687E-02	2.705272E-02	2.691698E-02	2.675839E-02	2.658723E-02	2.642178E-02	2.620831E-02	2.603622E-02	2.589886E-02	2.578109E-02	2.567134E-02	2.556885E-02	2.547139E-02	2.527889E-02	2.499960E-02	2.457071E-02	2.375416E-02	2.225786E-02	1.922193E-02	

0.000000E+00	4.788103E-02	4.551817E-02	4.309984E-02	3.943385E-02	3.724998E-02	3.568860E-02	3.463281E-02	3.314679E-02	3.231162E-02	3.173673E-02	3.133053E-02	3.106352E-02	3.088074E-02	3.073404E-02	3.060480E-02	3.050550E-02	3.044071E-02	3.041099E-02	3.036861E-02	3.033445E-02	3.028028E-02	3.022380E-02	3.019033E-02	3.017029E-02	3.012919E-02	3.008769E-02	3.005109E-02	2.998595E-02	2.991699E-02	2.983132E-02	2.974438E-02	2.964247E-02	2.953772E-02	2.944124E-02	2.935144E-02	2.928936E-02	2.921113E-02	2.913986E-02	2.899917E-02	2.887571E-02	2.876834E-02	2.869469E-02	2.860841E-02	2.846478E-02	2.832857E-02	2.816985E-02	2.800031E-02	2.783400E-02	2.762023E-02	2.744684E-02	2.730848E-02	2.718939E-02	2.707795E-02	2.697367E-02	2.687427E-02	2.667695E-02	2.638823E-02	2.594200E-02	2.508772E-02	2.351515E-02	2.031413E-02	

0.000000E+00	4.879958E-02	4.641096E-02	4.397512E-02	4.031011E-02	3.816058E-02	3.664076E-02	3.563053E-02	3.422771E-02	3.346623E-02	3.295197E-02	3.259571E-02	3.237046E-02	3.222314E-02	3.210572E-02	3.200024E-02	3.192110E-02	3.187346E-02	3.185989E-02	3.182980E-02	3.180630E-02	3.176885E-02	3.172413E-02	3.169966E-02	3.168683E-02	3.164994E-02	3.161115E-02	3.157655E-02	3.151247E-02	3.144361E-02	3.135748E-02	3.127030E-02	3.116637E-02	3.105932E-02	3.096093E-02	3.086973E-02	3.080810E-02	3.072925E-02	3.065759E-02	3.051605E-02	3.039224E-02	3.028493E-02	3.021310E-02	3.012752E-02	2.998570E-02	2.985005E-02	2.969245E-02	2.952614E-02	2.935988E-02	2.914687E-02	2.897259E-02	2.883340E-02	2.871301E-02	2.859971E-02	2.849340E-02	2.839178E-02	2.818898E-02	2.788960E-02	2.742396E-02	2.652804E-02	2.487220E-02	2.149224E-02	

0.000000E+00	4.981509E-02	4.740156E-02	4.494921E-02	4.129066E-02	3.918195E-02	3.770937E-02	3.674954E-02	3.543679E-02	3.475344E-02	3.430235E-02	3.399743E-02	3.381451E-02	3.370284E-02	3.361438E-02	3.353206E-02	3.347237E-02	3.344112E-02	3.344290E-02	3.342424E-02	3.341050E-02	3.338804E-02	3.335343E-02	3.333653E-02	3.332970E-02	3.329579E-02	3.325857E-02	3.322496E-02	3.316055E-02	3.309067E-02	3.300290E-02	3.291450E-02	3.280765E-02	3.269753E-02	3.259663E-02	3.250358E-02	3.244210E-02	3.236227E-02	3.228995E-02	3.214706E-02	3.202244E-02	3.191477E-02	3.184450E-02	3.175929E-02	3.161878E-02	3.148330E-02	3.132642E-02	3.116318E-02	3.099694E-02	3.078516E-02	3.061054E-02	3.047116E-02	3.035006E-02	3.023530E-02	3.012723E-02	3.002353E-02	2.981532E-02	2.950520E-02	2.901959E-02	2.807992E-02	2.633532E-02	2.276310E-02	

0.000000E+00	5.105536E-02	4.860814E-02	4.613212E-02	4.247400E-02	4.040619E-02	3.898209E-02	3.807454E-02	3.685473E-02	3.625176E-02	3.586500E-02	3.561186E-02	3.547133E-02	3.539519E-02	3.533521E-02	3.527531E-02	3.523428E-02	3.521866E-02	3.523502E-02	3.522699E-02	3.522223E-02	3.521323E-02	3.518729E-02	3.517675E-02	3.517493E-02	3.514294E-02	3.510631E-02	3.507277E-02	3.500678E-02	3.493478E-02	3.484418E-02	3.475353E-02	3.464264E-02	3.452837E-02	3.442397E-02	3.432817E-02	3.426613E-02	3.418445E-02	3.411069E-02	3.396487E-02	3.383791E-02	3.372844E-02	3.365852E-02	3.357243E-02	3.343104E-02	3.329395E-02	3.313580E-02	3.297377E-02	3.280638E-02	3.259545E-02	3.242090E-02	3.228214E-02	3.216130E-02	3.204580E-02	3.193646E-02	3.183103E-02	3.161779E-02	3.129724E-02	3.079150E-02	2.980575E-02	2.796460E-02	2.417983E-02	

0.000000E+00	5.251779E-02	5.003153E-02	4.752784E-02	4.386937E-02	4.184616E-02	4.047428E-02	3.962274E-02	3.850106E-02	3.798205E-02	3.766148E-02	3.746098E-02	3.736304E-02	3.732242E-02	3.729035E-02	3.725199E-02	3.722869E-02	3.722785E-02	3.725788E-02	3.725955E-02	3.726284E-02	3.726552E-02	3.724662E-02	3.724109E-02	3.724325E-02	3.721205E-02	3.717501E-02	3.714067E-02	3.707193E-02	3.699687E-02	3.690253E-02	3.680908E-02	3.669350E-02	3.657451E-02	3.646613E-02	3.636721E-02	3.630442E-02	3.622050E-02	3.614498E-02	3.599550E-02	3.586541E-02	3.575331E-02	3.568310E-02	3.559537E-02	3.545170E-02	3.531177E-02	3.515085E-02	3.498859E-02	3.481893E-02	3.460810E-02	3.443341E-02	3.429553E-02	3.417536E-02	3.405930E-02	3.394868E-02	3.384139E-02	3.362262E-02	3.329086E-02	3.276345E-02	3.172737E-02	2.977956E-02	2.575861E-02	

0.000000E+00	5.424807E-02	5.171833E-02	4.918368E-02	4.552581E-02	4.355247E-02	4.223768E-02	4.144676E-02	4.042945E-02	3.999858E-02	3.974632E-02	3.959935E-02	3.954418E-02	3.953903E-02	3.953415E-02	3.951627E-02	3.950961E-02	3.952250E-02	3.956530E-02	3.957562E-02	3.958595E-02	3.959837E-02	3.958479E-02	3.958298E-02	3.958821E-02	3.955685E-02	3.951860E-02	3.948283E-02	3.941058E-02	3.933203E-02	3.923385E-02	3.913813E-02	3.901832E-02	3.889514E-02	3.878342E-02	3.868212E-02	3.861947E-02	3.853396E-02	3.845734E-02	3.830529E-02	3.817289E-02	3.805872E-02	3.798887E-02	3.789977E-02	3.775420E-02	3.761142E-02	3.744750E-02	3.728456E-02	3.711166E-02	3.689939E-02	3.672315E-02	3.658517E-02	3.646488E-02	3.634724E-02	3.623425E-02	3.612398E-02	3.589743E-02	3.555138E-02	3.499769E-02	3.390273E-02	3.183244E-02	2.754293E-02	

0.000000E+00	5.636792E-02	5.378714E-02	5.121532E-02	4.755569E-02	4.563652E-02	4.438319E-02	4.365746E-02	4.275071E-02	4.241241E-02	4.223064E-02	4.213811E-02	4.212586E-02	4.215622E-02	4.217777E-02	4.217917E-02	4.218792E-02	4.221346E-02	4.226823E-02	4.228612E-02	4.230245E-02	4.232268E-02	4.231273E-02	4.231344E-02	4.232110E-02	4.228881E-02	4.224879E-02	4.221125E-02	4.213521E-02	4.205323E-02	4.195186E-02	4.185556E-02	4.173300E-02	4.160725E-02	4.149390E-02	4.139196E-02	4.133147E-02	4.124600E-02	4.116987E-02	4.101801E-02	4.088557E-02	4.077113E-02	4.070346E-02	4.061424E-02	4.046866E-02	4.032404E-02	4.015782E-02	3.999450E-02	3.981731E-02	3.960108E-02	3.942042E-02	3.928002E-02	3.915752E-02	3.903599E-02	3.891831E-02	3.880280E-02	3.856418E-02	3.819794E-02	3.760954E-02	3.644117E-02	3.422380E-02	2.961814E-02	

0.000000E+00	5.909167E-02	5.644683E-02	5.382610E-02	5.015596E-02	4.829330E-02	4.710487E-02	4.644896E-02	4.565927E-02	4.541889E-02	4.531042E-02	4.527367E-02	4.530496E-02	4.537124E-02	4.541863E-02	4.543811E-02	4.546106E-02	4.549820E-02	4.556430E-02	4.558865E-02	4.560991E-02	4.563586E-02	4.562760E-02	4.562951E-02	4.563887E-02	4.560465E-02	4.556204E-02	4.552215E-02	4.544158E-02	4.535583E-02	4.525144E-02	4.515579E-02	4.503144E-02	4.490419E-02	4.479043E-02	4.468923E-02	4.463268E-02	4.454859E-02	4.447425E-02	4.432481E-02	4.419417E-02	4.408089E-02	4.401708E-02	4.392872E-02	4.378462E-02	4.363876E-02	4.347049E-02	4.330671E-02	4.312363E-02	4.290020E-02	4.271163E-02	4.256592E-02	4.243858E-02	4.231034E-02	4.218515E-02	4.206163E-02	4.180552E-02	4.141150E-02	4.077721E-02	3.951543E-02	3.711591E-02	3.212473E-02	

0.000000E+00	6.253757E-02	5.981440E-02	5.712927E-02	5.343140E-02	5.161996E-02	5.049291E-02	4.990557E-02	4.922939E-02	4.908478E-02	4.904638E-02	4.906199E-02	4.913366E-02	4.923294E-02	4.930297E-02	4.933711E-02	4.937113E-02	4.941727E-02	4.949266E-02	4.952112E-02	4.954504E-02	4.957253E-02	4.956208E-02	4.956212E-02	4.957087E-02	4.953213E-02	4.948459E-02	4.944024E-02	4.935214E-02	4.925995E-02	4.914963E-02	4.905213E-02	4.892350E-02	4.879247E-02	4.867641E-02	4.857437E-02	4.852094E-02	4.843707E-02	4.836362E-02	4.821494E-02	4.808489E-02	4.797186E-02	4.791176E-02	4.782377E-02	4.768074E-02	4.753322E-02	4.736293E-02	4.720005E-02	4.701166E-02	4.678310E-02	4.658789E-02	4.643788E-02	4.630636E-02	4.617163E-02	4.603885E-02	4.590701E-02	4.563211E-02	4.520727E-02	4.452089E-02	4.315089E-02	4.053774E-02	3.509173E-02	

0.000000E+00	6.840903E-02	6.550338E-02	6.265951E-02	5.881646E-02	5.700996E-02	5.592002E-02	5.539420E-02	5.482848E-02	5.478949E-02	5.483017E-02	5.490612E-02	5.502608E-02	5.516554E-02	5.526338E-02	5.531518E-02	5.536276E-02	5.542047E-02	5.550865E-02	5.554256E-02	5.557002E-02	5.559957E-02	5.558560E-02	5.558277E-02	5.559030E-02	5.554424E-02	5.548852E-02	5.543653E-02	5.533505E-02	5.523037E-02	5.510651E-02	5.499949E-02	5.485780E-02	5.471410E-02	5.458771E-02	5.447754E-02	5.442227E-02	5.433264E-02	5.425473E-02	5.409671E-02	5.395881E-02	5.383911E-02	5.377861E-02	5.368612E-02	5.353686E-02	5.338130E-02	5.320291E-02	5.303771E-02	5.284034E-02	5.260584E-02	5.240335E-02	5.224868E-02	5.211240E-02	5.196998E-02	5.182800E-02	5.168578E-02	5.138624E-02	5.091911E-02	5.015881E-02	4.863033E-02	4.569895E-02	3.956988E-02	

0.000000E+00	7.920030E-02	7.590351E-02	7.270721E-02	6.847277E-02	6.657019E-02	6.546284E-02	6.498038E-02	6.451382E-02	6.459781E-02	6.473447E-02	6.488631E-02	6.507050E-02	6.526530E-02	6.540200E-02	6.547821E-02	6.554518E-02	6.562060E-02	6.572958E-02	6.577261E-02	6.580649E-02	6.584148E-02	6.582372E-02	6.581845E-02	6.582605E-02	6.576955E-02	6.570164E-02	6.563811E-02	6.551526E-02	6.538964E-02	6.524187E-02	6.511578E-02	6.494865E-02	6.477942E-02	6.463104E-02	6.450226E-02	6.443908E-02	6.433498E-02	6.424498E-02	6.406256E-02	6.390403E-02	6.376687E-02	6.370017E-02	6.359531E-02	6.342773E-02	6.325259E-02	6.305430E-02	6.287895E-02	6.266291E-02	6.241568E-02	6.219964E-02	6.203571E-02	6.189020E-02	6.173461E-02	6.157736E-02	6.141811E-02	6.107800E-02	6.054070E-02	5.965705E-02	5.786234E-02	5.439509E-02	4.711526E-02	

0.000000E+00	1.001169E-01	9.597200E-02	9.199945E-02	8.682442E-02	8.458999E-02	8.333420E-02	8.284518E-02	8.243997E-02	8.267657E-02	8.294218E-02	8.320229E-02	8.348533E-02	8.377002E-02	8.397169E-02	8.408992E-02	8.419213E-02	8.430174E-02	8.445183E-02	8.451558E-02	8.456587E-02	8.462151E-02	8.460778E-02	8.460897E-02	8.462723E-02	8.456177E-02	8.448099E-02	8.440536E-02	8.425565E-02	8.410222E-02	8.392252E-02	8.377311E-02	8.356897E-02	8.336041E-02	8.317738E-02	8.301870E-02	8.294422E-02	8.281600E-02	8.270553E-02	8.248025E-02	8.228460E-02	8.211530E-02	8.203641E-02	8.190756E-02	8.170323E-02	8.148833E-02	8.124783E-02	8.104458E-02	8.078613E-02	8.050295E-02	8.025130E-02	8.006098E-02	7.989068E-02	7.970467E-02	7.951425E-02	7.931946E-02	7.889799E-02	7.822432E-02	7.710577E-02	7.481261E-02	7.035309E-02	6.095527E-02	

0.000000E+00	1.352873E-01	1.296545E-01	1.242922E-01	1.173484E-01	1.143927E-01	1.127534E-01	1.121448E-01	1.116805E-01	1.120642E-01	1.124706E-01	1.128592E-01	1.132718E-01	1.136825E-01	1.139770E-01	1.141564E-01	1.143128E-01	1.144786E-01	1.146980E-01	1.148004E-01	1.148835E-01	1.149884E-01	1.149990E-01	1.150297E-01	1.150853E-01	1.150252E-01	1.149428E-01	1.148666E-01	1.147003E-01	1.145267E-01	1.143254E-01	1.141710E-01	1.139355E-01	1.136874E-01	1.134685E-01	1.132783E-01	1.132003E-01	1.130454E-01	1.129122E-01	1.126341E-01	1.123908E-01	1.121782E-01	1.120861E-01	1.119227E-01	1.116640E-01	1.113862E-01	1.110765E-01	1.108222E-01	1.104881E-01	1.101352E-01	1.098132E-01	1.095684E-01	1.093478E-01	1.091041E-01	1.088526E-01	1.085941E-01	1.080304E-01	1.071240E-01	1.056109E-01	1.024914E-01	9.640062E-02	8.353721E-02	

0.000000E+00	1.819881E-01	1.743635E-01	1.670852E-01	1.575992E-01	1.534966E-01	1.511870E-01	1.502870E-01	1.495420E-01	1.499845E-01	1.504817E-01	1.509728E-01	1.515116E-01	1.520591E-01	1.524575E-01	1.527078E-01	1.529324E-01	1.531740E-01	1.534893E-01	1.536516E-01	1.537890E-01	1.539862E-01	1.540613E-01	1.541650E-01	1.543061E-01	1.542898E-01	1.542413E-01	1.541997E-01	1.540625E-01	1.539100E-01	1.537386E-01	1.536419E-01	1.534217E-01	1.531704E-01	1.529450E-01	1.527482E-01	1.526955E-01	1.525313E-01	1.523906E-01	1.520792E-01	1.518011E-01	1.515523E-01	1.514581E-01	1.512609E-01	1.509466E-01	1.505951E-01	1.502004E-01	1.498778E-01	1.494403E-01	1.489892E-01	1.485625E-01	1.482330E-01	1.479350E-01	1.476061E-01	1.472670E-01	1.469183E-01	1.461583E-01	1.449366E-01	1.428961E-01	1.386835E-01	1.304489E-01	1.130469E-01	

0.000000E+00	2.273550E-01	2.180925E-01	2.091299E-01	1.973814E-01	1.922377E-01	1.893027E-01	1.881223E-01	1.870798E-01	1.875472E-01	1.880963E-01	1.886538E-01	1.892882E-01	1.899475E-01	1.904281E-01	1.907320E-01	1.910116E-01	1.913203E-01	1.917247E-01	1.919437E-01	1.921335E-01	1.924246E-01	1.925712E-01	1.927591E-01	1.930014E-01	1.930460E-01	1.930491E-01	1.930605E-01	1.929803E-01	1.928766E-01	1.927706E-01	1.927735E-01	1.926071E-01	1.923865E-01	1.921844E-01	1.920070E-01	1.920031E-01	1.918507E-01	1.917208E-01	1.914082E-01	1.911220E-01	1.908583E-01	1.907803E-01	1.905643E-01	1.902187E-01	1.898116E-01	1.893520E-01	1.889830E-01	1.884582E-01	1.879332E-01	1.874136E-01	1.870052E-01	1.866335E-01	1.862225E-01	1.857978E-01	1.853610E-01	1.844075E-01	1.828740E-01	1.803097E-01	1.750060E-01	1.646246E-01	1.426705E-01	

0.000000E+00	2.597617E-01	2.498823E-01	2.401080E-01	2.273149E-01	2.217477E-01	2.185692E-01	2.173203E-01	2.162099E-01	2.167598E-01	2.173638E-01	2.179653E-01	2.186546E-01	2.193753E-01	2.198901E-01	2.202052E-01	2.204988E-01	2.208329E-01	2.212810E-01	2.215208E-01	2.217285E-01	2.220507E-01	2.222174E-01	2.224405E-01	2.227376E-01	2.228083E-01	2.228338E-01	2.228704E-01	2.228151E-01	2.227349E-01	2.226655E-01	2.227357E-01	2.226053E-01	2.224067E-01	2.222236E-01	2.220645E-01	2.221036E-01	2.219663E-01	2.218517E-01	2.215534E-01	2.212780E-01	2.210202E-01	2.209726E-01	2.207597E-01	2.204232E-01	2.200036E-01	2.195347E-01	2.191884E-01	2.186440E-01	2.181361E-01	2.175983E-01	2.171694E-01	2.167722E-01	2.163230E-01	2.158532E-01	2.153657E-01	2.142899E-01	2.125439E-01	2.096040E-01	2.034833E-01	1.914511E-01	1.659483E-01	

0.000000E+00	2.779062E-01	2.682889E-01	2.585064E-01	2.457953E-01	2.403718E-01	2.372981E-01	2.361647E-01	2.351789E-01	2.358362E-01	2.364757E-01	2.370810E-01	2.377674E-01	2.384823E-01	2.389695E-01	2.392413E-01	2.394955E-01	2.398000E-01	2.402326E-01	2.404440E-01	2.406227E-01	2.408893E-01	2.410012E-01	2.411870E-01	2.414675E-01	2.415074E-01	2.415057E-01	2.415200E-01	2.414311E-01	2.413244E-01	2.412328E-01	2.413031E-01	2.411634E-01	2.409551E-01	2.407681E-01	2.406100E-01	2.406703E-01	2.405397E-01	2.404346E-01	2.401509E-01	2.398934E-01	2.396541E-01	2.396435E-01	2.394511E-01	2.391582E-01	2.387678E-01	2.383446E-01	2.380903E-01	2.375989E-01	2.372027E-01	2.367297E-01	2.363471E-01	2.359809E-01	2.355455E-01	2.350783E-01	2.345849E-01	2.334726E-01	2.316351E-01	2.285028E-01	2.219086E-01	2.088549E-01	1.810855E-01	

0.000000E+00	2.840848E-01	2.751103E-01	2.657712E-01	2.537955E-01	2.488582E-01	2.461085E-01	2.452064E-01	2.444805E-01	2.452677E-01	2.459429E-01	2.465397E-01	2.471964E-01	2.478709E-01	2.483018E-01	2.485082E-01	2.487002E-01	2.489491E-01	2.493348E-01	2.494947E-01	2.496227E-01	2.497942E-01	2.498195E-01	2.499347E-01	2.501624E-01	2.501472E-01	2.500975E-01	2.500692E-01	2.499240E-01	2.497718E-01	2.496346E-01	2.496735E-01	2.495071E-01	2.492787E-01	2.490800E-01	2.489167E-01	2.489847E-01	2.488573E-01	2.487587E-01	2.484903E-01	2.482533E-01	2.480368E-01	2.480595E-01	2.478930E-01	2.476530E-01	2.473072E-01	2.469469E-01	2.467964E-01	2.463815E-01	2.461179E-01	2.457340E-01	2.454181E-01	2.451014E-01	2.447007E-01	2.442580E-01	2.437811E-01	2.426820E-01	2.408337E-01	2.376448E-01	2.308610E-01	2.173452E-01	1.884961E-01	

0.000000E+00	2.826458E-01	2.743402E-01	2.656214E-01	2.547009E-01	2.504713E-01	2.482177E-01	2.476644E-01	2.473780E-01	2.483958E-01	2.491853E-01	2.498358E-01	2.505075E-01	2.511747E-01	2.515816E-01	2.517550E-01	2.519124E-01	2.521273E-01	2.524814E-01	2.526076E-01	2.527013E-01	2.528067E-01	2.527716E-01	2.528355E-01	2.530224E-01	2.529672E-01	2.528824E-01	2.528221E-01	2.526348E-01	2.524480E-01	2.522744E-01	2.522834E-01	2.520935E-01	2.518477E-01	2.516372E-01	2.514668E-01	2.515339E-01	2.514057E-01	2.513085E-01	2.510470E-01	2.508215E-01	2.506187E-01	2.506599E-01	2.505098E-01	2.503038E-01	2.499891E-01	2.496730E-01	2.495920E-01	2.492319E-01	2.490585E-01	2.487386E-01	2.484710E-01	2.481915E-01	2.478192E-01	2.473984E-01	2.469387E-01	2.458622E-01	2.440297E-01	2.408425E-01	2.340153E-01	2.203565E-01	1.911396E-01	

0.000000E+00	2.733968E-01	2.662413E-01	2.585805E-01	2.493168E-01	2.460894E-01	2.445069E-01	2.443899E-01	2.446300E-01	2.458871E-01	2.467887E-01	2.474900E-01	2.481725E-01	2.488284E-01	2.492149E-01	2.493667E-01	2.495029E-01	2.496985E-01	2.500326E-01	2.501432E-01	2.502215E-01	2.502980E-01	2.502419E-01	2.502890E-01	2.504628E-01	2.503992E-01	2.503080E-01	2.502410E-01	2.500442E-01	2.498489E-01	2.496643E-01	2.496605E-01	2.494610E-01	2.492068E-01	2.489884E-01	2.488100E-01	2.488664E-01	2.487307E-01	2.486265E-01	2.483542E-01	2.481203E-01	2.479102E-01	2.479426E-01	2.477868E-01	2.475707E-01	2.472518E-01	2.469335E-01	2.468487E-01	2.464857E-01	2.463031E-01	2.459815E-01	2.457141E-01	2.454366E-01	2.450684E-01	2.446528E-01	2.441988E-01	2.431357E-01	2.413257E-01	2.381769E-01	2.314289E-01	2.179244E-01	1.890331E-01	

0.000000E+00	2.709314E-01	2.642350E-01	2.570312E-01	2.485275E-01	2.457572E-01	2.444640E-01	2.445135E-01	2.449126E-01	2.461919E-01	2.470682E-01	2.477333E-01	2.483751E-01	2.489923E-01	2.493459E-01	2.494745E-01	2.495960E-01	2.497866E-01	2.501202E-01	2.502367E-01	2.503230E-01	2.504192E-01	2.503903E-01	2.504679E-01	2.506727E-01	2.506408E-01	2.505786E-01	2.505378E-01	2.503710E-01	2.501980E-01	2.500341E-01	2.500464E-01	2.498536E-01	2.495990E-01	2.493741E-01	2.491846E-01	2.492244E-01	2.490718E-01	2.489497E-01	2.486405E-01	2.483695E-01	2.481224E-01	2.481175E-01	2.479260E-01	2.476438E-01	2.472699E-01	2.468863E-01	2.467127E-01	2.462690E-01	2.459597E-01	2.455511E-01	2.452194E-01	2.448936E-01	2.444883E-01	2.440432E-01	2.435649E-01	2.424647E-01	2.406174E-01	2.374317E-01	2.306533E-01	2.171478E-01	1.883231E-01	

0.000000E+00	2.650978E-01	2.589620E-01	2.522873E-01	2.445682E-01	2.421739E-01	2.410708E-01	2.411686E-01	2.415153E-01	2.426222E-01	2.433131E-01	2.438086E-01	2.442950E-01	2.447731E-01	2.450106E-01	2.450470E-01	2.450926E-01	2.452234E-01	2.455045E-01	2.455840E-01	2.456401E-01	2.456916E-01	2.456391E-01	2.457027E-01	2.458975E-01	2.458668E-01	2.458080E-01	2.457712E-01	2.456089E-01	2.454374E-01	2.452710E-01	2.452722E-01	2.450699E-01	2.448043E-01	2.445643E-01	2.443562E-01	2.443689E-01	2.441942E-01	2.440495E-01	2.436982E-01	2.433866E-01	2.430998E-01	2.430506E-01	2.428213E-01	2.424693E-01	2.420410E-01	2.415912E-01	2.413210E-01	2.407985E-01	2.403585E-01	2.398641E-01	2.394696E-01	2.390980E-01	2.386608E-01	2.381929E-01	2.376983E-01	2.365814E-01	2.347332E-01	2.315763E-01	2.249112E-01	2.116947E-01	1.835575E-01	

0.000000E+00	2.477876E-01	2.424992E-01	2.365863E-01	2.297749E-01	2.275747E-01	2.264321E-01	2.262904E-01	2.260764E-01	2.265287E-01	2.266356E-01	2.266236E-01	2.266549E-01	2.267256E-01	2.266201E-01	2.263722E-01	2.261669E-01	2.260747E-01	2.261449E-01	2.260533E-01	2.259570E-01	2.257526E-01	2.255024E-01	2.253955E-01	2.254342E-01	2.252908E-01	2.251380E-01	2.250182E-01	2.247585E-01	2.245056E-01	2.242437E-01	2.241307E-01	2.238544E-01	2.235344E-01	2.232459E-01	2.229932E-01	2.229456E-01	2.227342E-01	2.225548E-01	2.221530E-01	2.217992E-01	2.214761E-01	2.213739E-01	2.211141E-01	2.207075E-01	2.202498E-01	2.197614E-01	2.194137E-01	2.188575E-01	2.183382E-01	2.178072E-01	2.173880E-01	2.170043E-01	2.165715E-01	2.161179E-01	2.156449E-01	2.145945E-01	2.128786E-01	2.099732E-01	2.038833E-01	1.918620E-01	1.663301E-01	

0.000000E+00	2.072915E-01	2.027917E-01	1.976717E-01	1.914291E-01	1.887886E-01	1.870232E-01	1.860354E-01	1.842976E-01	1.832616E-01	1.821502E-01	1.811222E-01	1.802626E-01	1.795468E-01	1.787963E-01	1.780248E-01	1.773540E-01	1.768389E-01	1.764969E-01	1.760764E-01	1.756873E-01	1.749915E-01	1.743597E-01	1.739109E-01	1.736241E-01	1.732482E-01	1.728992E-01	1.726046E-01	1.721426E-01	1.717212E-01	1.712596E-01	1.708983E-01	1.704647E-01	1.700316E-01	1.696438E-01	1.693008E-01	1.691246E-01	1.688408E-01	1.685926E-01	1.680954E-01	1.676631E-01	1.672747E-01	1.670651E-01	1.667524E-01	1.662491E-01	1.657487E-01	1.651968E-01	1.646997E-01	1.641024E-01	1.634534E-01	1.628787E-01	1.624340E-01	1.620472E-01	1.616456E-01	1.612438E-01	1.608380E-01	1.599731E-01	1.586077E-01	1.563504E-01	1.517154E-01	1.426831E-01	1.236299E-01	

0.000000E+00	1.119143E-01	1.074790E-01	1.030527E-01	9.684259E-02	9.307442E-02	9.022675E-02	8.798294E-02	8.433721E-02	8.156972E-02	7.922159E-02	7.723496E-02	7.554604E-02	7.410134E-02	7.280812E-02	7.164295E-02	7.061436E-02	6.974129E-02	6.899929E-02	6.829688E-02	6.765916E-02	6.655097E-02	6.561152E-02	6.484363E-02	6.420578E-02	6.361339E-02	6.308256E-02	6.261720E-02	6.197956E-02	6.141538E-02	6.076990E-02	6.012699E-02	5.954662E-02	5.902750E-02	5.856560E-02	5.815407E-02	5.782275E-02	5.748578E-02	5.718266E-02	5.663441E-02	5.616438E-02	5.575139E-02	5.542431E-02	5.509546E-02	5.454811E-02	5.407879E-02	5.353439E-02	5.291098E-02	5.237421E-02	5.167645E-02	5.116340E-02	5.078059E-02	5.047444E-02	5.020376E-02	4.996137E-02	4.973745E-02	4.931779E-02	4.873575E-02	4.786922E-02	4.626311E-02	4.334790E-02	3.743837E-02	

