4.673111E-02	4.573922E-02	4.382765E-02	4.216782E-02	3.872857E-02	3.611994E-02	3.404860E-02	3.237513E-02	2.975486E-02	2.784302E-02	2.633760E-02	2.511804E-02	2.411151E-02	2.326505E-02	2.252844E-02	2.188936E-02	2.133245E-02	2.083595E-02	2.040793E-02	2.000762E-02	1.964780E-02	1.902635E-02	1.851009E-02	1.807063E-02	1.770376E-02	1.736530E-02	1.706822E-02	1.680667E-02	1.646145E-02	1.616521E-02	1.582751E-02	1.549176E-02	1.520013E-02	1.495480E-02	1.474214E-02	1.455940E-02	1.441318E-02	1.426609E-02	1.413578E-02	1.391334E-02	1.372627E-02	1.356886E-02	1.344440E-02	1.332180E-02	1.311691E-02	1.295347E-02	1.275095E-02	1.251560E-02	1.233038E-02	1.208288E-02	1.190432E-02	1.177456E-02	1.166213E-02	1.156730E-02	1.148209E-02	1.140464E-02	1.125172E-02	1.103513E-02	1.070156E-02	1.009262E-02	9.130572E-03	7.617632E-03	

4.566575E-02	4.466267E-02	4.275042E-02	4.110152E-02	3.770777E-02	3.514662E-02	3.311867E-02	3.148342E-02	2.892824E-02	2.706812E-02	2.560554E-02	2.442244E-02	2.344717E-02	2.262788E-02	2.191540E-02	2.129773E-02	2.075988E-02	2.028069E-02	1.986813E-02	1.948218E-02	1.913540E-02	1.853693E-02	1.804022E-02	1.761777E-02	1.726565E-02	1.694053E-02	1.665533E-02	1.640438E-02	1.607327E-02	1.578930E-02	1.546570E-02	1.514447E-02	1.486520E-02	1.463038E-02	1.442679E-02	1.425194E-02	1.411241E-02	1.397160E-02	1.384683E-02	1.363392E-02	1.345476E-02	1.330403E-02	1.318511E-02	1.306756E-02	1.287103E-02	1.271421E-02	1.251960E-02	1.229354E-02	1.211512E-02	1.187654E-02	1.170393E-02	1.157832E-02	1.146920E-02	1.137702E-02	1.129405E-02	1.121853E-02	1.106909E-02	1.085698E-02	1.052970E-02	9.931381E-03	8.985263E-03	7.496712E-03	

4.479193E-02	4.376578E-02	4.183408E-02	4.018281E-02	3.681207E-02	3.428417E-02	3.228953E-02	3.068487E-02	2.818382E-02	2.636796E-02	2.494258E-02	2.379156E-02	2.284404E-02	2.204902E-02	2.135816E-02	2.075978E-02	2.023914E-02	1.977562E-02	1.937711E-02	1.900421E-02	1.866930E-02	1.809184E-02	1.761299E-02	1.720612E-02	1.686754E-02	1.655465E-02	1.628036E-02	1.603915E-02	1.572101E-02	1.544834E-02	1.513770E-02	1.482983E-02	1.456194E-02	1.433678E-02	1.414151E-02	1.397393E-02	1.384054E-02	1.370549E-02	1.358582E-02	1.338164E-02	1.320975E-02	1.306514E-02	1.295132E-02	1.283840E-02	1.264954E-02	1.249878E-02	1.231144E-02	1.209389E-02	1.192170E-02	1.169132E-02	1.152415E-02	1.140235E-02	1.129625E-02	1.120649E-02	1.112556E-02	1.105180E-02	1.090553E-02	1.069747E-02	1.037586E-02	9.787070E-03	8.855229E-03	7.388507E-03	

4.390981E-02	4.286864E-02	4.092848E-02	3.928160E-02	3.594262E-02	3.345173E-02	3.149217E-02	2.991902E-02	2.747266E-02	2.570101E-02	2.431255E-02	2.319323E-02	2.227306E-02	2.150191E-02	2.083230E-02	2.025282E-02	1.974905E-02	1.930086E-02	1.891610E-02	1.855597E-02	1.823265E-02	1.767567E-02	1.721425E-02	1.682256E-02	1.649717E-02	1.619617E-02	1.593248E-02	1.570072E-02	1.539515E-02	1.513343E-02	1.483532E-02	1.454036E-02	1.428344E-02	1.406759E-02	1.388033E-02	1.371974E-02	1.359226E-02	1.346275E-02	1.334797E-02	1.315216E-02	1.298722E-02	1.284846E-02	1.273952E-02	1.263101E-02	1.244946E-02	1.230449E-02	1.212404E-02	1.191460E-02	1.174832E-02	1.152569E-02	1.136367E-02	1.124547E-02	1.114221E-02	1.105471E-02	1.097569E-02	1.090358E-02	1.076022E-02	1.055587E-02	1.023941E-02	9.659172E-03	8.740062E-03	7.292725E-03	

4.301745E-02	4.196871E-02	4.003035E-02	3.839434E-02	3.509574E-02	3.264572E-02	3.072323E-02	2.918269E-02	2.679191E-02	2.506469E-02	2.371309E-02	2.262528E-02	2.173221E-02	2.098467E-02	2.033603E-02	1.977519E-02	1.928803E-02	1.885493E-02	1.848370E-02	1.813610E-02	1.782415E-02	1.728725E-02	1.684288E-02	1.646604E-02	1.615355E-02	1.586415E-02	1.561079E-02	1.538823E-02	1.509489E-02	1.484379E-02	1.455785E-02	1.427542E-02	1.402910E-02	1.382224E-02	1.364270E-02	1.348884E-02	1.336708E-02	1.324288E-02	1.313278E-02	1.294500E-02	1.278672E-02	1.265357E-02	1.254931E-02	1.244501E-02	1.227044E-02	1.213096E-02	1.195708E-02	1.175535E-02	1.159469E-02	1.137944E-02	1.122229E-02	1.110750E-02	1.100693E-02	1.092157E-02	1.084434E-02	1.077376E-02	1.063312E-02	1.043217E-02	1.012037E-02	9.547761E-03	8.639871E-03	7.209497E-03	

4.213367E-02	4.108272E-02	3.915317E-02	3.753218E-02	3.427894E-02	3.187159E-02	2.998682E-02	2.847910E-02	2.614366E-02	2.446047E-02	2.314527E-02	2.208850E-02	2.122208E-02	2.049777E-02	1.986971E-02	1.932715E-02	1.885629E-02	1.843797E-02	1.808001E-02	1.774467E-02	1.744384E-02	1.692656E-02	1.649886E-02	1.613651E-02	1.583662E-02	1.555851E-02	1.531520E-02	1.510160E-02	1.482014E-02	1.457936E-02	1.430522E-02	1.403493E-02	1.379886E-02	1.360069E-02	1.342860E-02	1.328122E-02	1.316498E-02	1.304588E-02	1.294030E-02	1.276023E-02	1.260832E-02	1.248054E-02	1.238078E-02	1.228050E-02	1.211259E-02	1.197837E-02	1.181075E-02	1.161639E-02	1.146107E-02	1.125286E-02	1.110036E-02	1.098881E-02	1.089079E-02	1.080745E-02	1.073192E-02	1.066277E-02	1.052464E-02	1.032680E-02	1.001916E-02	9.453237E-03	8.555024E-03	7.139126E-03	

4.127229E-02	4.022305E-02	3.830726E-02	3.670404E-02	3.349895E-02	3.113483E-02	2.928764E-02	2.781238E-02	2.553132E-02	2.389129E-02	2.261168E-02	2.158526E-02	2.074486E-02	2.004323E-02	1.943524E-02	1.891050E-02	1.845553E-02	1.805159E-02	1.770657E-02	1.738316E-02	1.709315E-02	1.659494E-02	1.618345E-02	1.583517E-02	1.554753E-02	1.528036E-02	1.504679E-02	1.484186E-02	1.457190E-02	1.434110E-02	1.407835E-02	1.381980E-02	1.359361E-02	1.340380E-02	1.323885E-02	1.309770E-02	1.298677E-02	1.287257E-02	1.277129E-02	1.259859E-02	1.245277E-02	1.233010E-02	1.223464E-02	1.213819E-02	1.197659E-02	1.184736E-02	1.168566E-02	1.149828E-02	1.134799E-02	1.114642E-02	1.099829E-02	1.088981E-02	1.079417E-02	1.071271E-02	1.063874E-02	1.057093E-02	1.043509E-02	1.024002E-02	9.936033E-03	9.375821E-03	8.485703E-03	7.081755E-03	

4.045677E-02	3.941019E-02	3.750889E-02	3.592345E-02	3.276530E-02	3.044288E-02	2.863184E-02	2.718780E-02	2.495905E-02	2.336065E-02	2.211540E-02	2.111830E-02	2.030308E-02	1.962339E-02	1.903482E-02	1.852733E-02	1.808772E-02	1.769770E-02	1.736522E-02	1.705336E-02	1.677380E-02	1.629403E-02	1.589820E-02	1.556352E-02	1.528772E-02	1.503110E-02	1.480691E-02	1.461033E-02	1.435143E-02	1.413023E-02	1.387842E-02	1.363113E-02	1.341439E-02	1.323257E-02	1.307446E-02	1.293926E-02	1.283341E-02	1.272387E-02	1.262669E-02	1.246099E-02	1.232095E-02	1.220314E-02	1.211178E-02	1.201894E-02	1.186334E-02	1.173883E-02	1.158272E-02	1.140197E-02	1.125645E-02	1.106119E-02	1.091718E-02	1.081159E-02	1.071819E-02	1.063849E-02	1.056597E-02	1.049937E-02	1.036560E-02	1.017297E-02	9.872095E-03	9.316559E-03	8.432858E-03	7.038172E-03	

3.966615E-02	3.862482E-02	3.674110E-02	3.517492E-02	3.206478E-02	2.978386E-02	2.800849E-02	2.659518E-02	2.441779E-02	2.286031E-02	2.164882E-02	2.068055E-02	1.989007E-02	1.923196E-02	1.866249E-02	1.817193E-02	1.774743E-02	1.737107E-02	1.705092E-02	1.675038E-02	1.648107E-02	1.601936E-02	1.563886E-02	1.531749E-02	1.505327E-02	1.480695E-02	1.459190E-02	1.440347E-02	1.415532E-02	1.394344E-02	1.370225E-02	1.346590E-02	1.325831E-02	1.308422E-02	1.293270E-02	1.280323E-02	1.270231E-02	1.259724E-02	1.250400E-02	1.234504E-02	1.221053E-02	1.209737E-02	1.200996E-02	1.192058E-02	1.177069E-02	1.165068E-02	1.149990E-02	1.132546E-02	1.118447E-02	1.099517E-02	1.085505E-02	1.075218E-02	1.066085E-02	1.058278E-02	1.051159E-02	1.044610E-02	1.031416E-02	1.012364E-02	9.825374E-03	9.273559E-03	8.394746E-03	7.006898E-03	

3.893067E-02	3.789406E-02	3.602693E-02	3.447863E-02	3.141346E-02	2.917157E-02	2.742989E-02	2.604582E-02	2.391743E-02	2.239926E-02	2.122028E-02	2.027987E-02	1.951332E-02	1.887612E-02	1.832513E-02	1.785100E-02	1.744114E-02	1.707801E-02	1.676983E-02	1.648025E-02	1.622086E-02	1.577664E-02	1.541097E-02	1.510246E-02	1.484947E-02	1.461307E-02	1.440683E-02	1.422624E-02	1.398844E-02	1.378552E-02	1.355453E-02	1.332868E-02	1.312982E-02	1.296311E-02	1.281786E-02	1.269385E-02	1.259764E-02	1.249681E-02	1.240731E-02	1.225472E-02	1.212545E-02	1.201669E-02	1.193303E-02	1.184690E-02	1.170239E-02	1.158663E-02	1.144086E-02	1.127239E-02	1.113564E-02	1.095198E-02	1.081551E-02	1.071520E-02	1.062580E-02	1.054923E-02	1.047925E-02	1.041476E-02	1.028443E-02	1.009568E-02	9.799446E-03	9.250257E-03	8.374535E-03	6.990630E-03	

3.839133E-02	3.734501E-02	3.547279E-02	3.392701E-02	3.088206E-02	2.866418E-02	2.694601E-02	2.558372E-02	2.349403E-02	2.200845E-02	2.085712E-02	1.994084E-02	1.919532E-02	1.857666E-02	1.804216E-02	1.758275E-02	1.718604E-02	1.683486E-02	1.653752E-02	1.625789E-02	1.600750E-02	1.557917E-02	1.522701E-02	1.493023E-02	1.468748E-02	1.446011E-02	1.426190E-02	1.408844E-02	1.386005E-02	1.366527E-02	1.344352E-02	1.322719E-02	1.303623E-02	1.287616E-02	1.273655E-02	1.261744E-02	1.252548E-02	1.242845E-02	1.234227E-02	1.219538E-02	1.207076E-02	1.196591E-02	1.188562E-02	1.180237E-02	1.166264E-02	1.155064E-02	1.140929E-02	1.124612E-02	1.111313E-02	1.093447E-02	1.080121E-02	1.070315E-02	1.061543E-02	1.054015E-02	1.047120E-02	1.040755E-02	1.027851E-02	1.009109E-02	9.796196E-03	9.248374E-03	8.373739E-03	6.990598E-03	

3.798636E-02	3.692302E-02	3.503368E-02	3.348167E-02	3.044179E-02	2.823837E-02	2.653706E-02	2.519167E-02	2.313384E-02	2.167646E-02	2.054952E-02	1.965495E-02	1.892854E-02	1.832685E-02	1.780749E-02	1.736166E-02	1.697713E-02	1.663702E-02	1.634980E-02	1.607941E-02	1.583739E-02	1.542387E-02	1.508430E-02	1.479845E-02	1.456530E-02	1.434632E-02	1.415557E-02	1.398875E-02	1.376909E-02	1.358186E-02	1.336865E-02	1.316114E-02	1.297741E-02	1.282344E-02	1.268898E-02	1.257436E-02	1.248630E-02	1.239271E-02	1.230955E-02	1.216780E-02	1.204738E-02	1.194605E-02	1.186880E-02	1.178813E-02	1.165264E-02	1.154398E-02	1.140655E-02	1.124808E-02	1.111838E-02	1.094410E-02	1.081362E-02	1.071750E-02	1.063119E-02	1.055698E-02	1.048886E-02	1.042587E-02	1.029778E-02	1.011119E-02	9.816917E-03	9.269120E-03	8.393442E-03	7.007703E-03	

3.757550E-02	3.650127E-02	3.460302E-02	3.304984E-02	3.002169E-02	2.783601E-02	2.615349E-02	2.482637E-02	2.280210E-02	2.137409E-02	2.027236E-02	1.940011E-02	1.869327E-02	1.810893E-02	1.760500E-02	1.717297E-02	1.680080E-02	1.647191E-02	1.619494E-02	1.593388E-02	1.570030E-02	1.530167E-02	1.497474E-02	1.469985E-02	1.447631E-02	1.426570E-02	1.408237E-02	1.392214E-02	1.371114E-02	1.353137E-02	1.332659E-02	1.312777E-02	1.295115E-02	1.280315E-02	1.267371E-02	1.256345E-02	1.247921E-02	1.238896E-02	1.230871E-02	1.217191E-02	1.205551E-02	1.195754E-02	1.188324E-02	1.180499E-02	1.167351E-02	1.156799E-02	1.143420E-02	1.128008E-02	1.115337E-02	1.098303E-02	1.085496E-02	1.076051E-02	1.067535E-02	1.060200E-02	1.053452E-02	1.047200E-02	1.034450E-02	1.015824E-02	9.863768E-03	9.314518E-03	8.435457E-03	7.043428E-03	

3.719578E-02	3.611291E-02	3.420835E-02	3.265525E-02	2.963983E-02	2.747198E-02	2.580818E-02	2.449934E-02	2.250861E-02	2.111014E-02	2.003376E-02	1.918400E-02	1.849687E-02	1.793001E-02	1.744157E-02	1.702340E-02	1.666363E-02	1.634596E-02	1.607929E-02	1.582755E-02	1.560239E-02	1.521859E-02	1.490422E-02	1.464019E-02	1.442621E-02	1.422383E-02	1.404780E-02	1.389404E-02	1.369151E-02	1.351903E-02	1.332245E-02	1.313211E-02	1.296235E-02	1.282009E-02	1.269547E-02	1.258939E-02	1.250884E-02	1.242175E-02	1.234426E-02	1.221215E-02	1.209952E-02	1.200470E-02	1.193317E-02	1.185718E-02	1.172939E-02	1.162674E-02	1.149623E-02	1.134603E-02	1.122191E-02	1.105494E-02	1.092883E-02	1.083569E-02	1.075138E-02	1.067860E-02	1.061150E-02	1.054924E-02	1.042188E-02	1.023532E-02	9.939709E-03	9.387310E-03	8.502218E-03	7.099770E-03	

3.688485E-02	3.579154E-02	3.387745E-02	3.232171E-02	2.931396E-02	2.716074E-02	2.551355E-02	2.422161E-02	2.226269E-02	2.089298E-02	1.984145E-02	1.901391E-02	1.834630E-02	1.779678E-02	1.732372E-02	1.691929E-02	1.657183E-02	1.626527E-02	1.600884E-02	1.576632E-02	1.554946E-02	1.518029E-02	1.487829E-02	1.462494E-02	1.442039E-02	1.422605E-02	1.405713E-02	1.390967E-02	1.371537E-02	1.354996E-02	1.336131E-02	1.317916E-02	1.301596E-02	1.287920E-02	1.275915E-02	1.265704E-02	1.258002E-02	1.249590E-02	1.242100E-02	1.229326E-02	1.218414E-02	1.209224E-02	1.202330E-02	1.194934E-02	1.182488E-02	1.172478E-02	1.159714E-02	1.145031E-02	1.132832E-02	1.116397E-02	1.103922E-02	1.094692E-02	1.086303E-02	1.079047E-02	1.072343E-02	1.066112E-02	1.053332E-02	1.034568E-02	1.004779E-02	9.490267E-03	8.596136E-03	7.178657E-03	

3.664891E-02	3.554258E-02	3.361466E-02	3.205293E-02	2.904711E-02	2.690517E-02	2.527250E-02	2.399623E-02	2.206769E-02	2.072626E-02	1.969937E-02	1.889399E-02	1.824593E-02	1.771378E-02	1.725612E-02	1.686544E-02	1.653029E-02	1.623483E-02	1.598865E-02	1.575531E-02	1.554670E-02	1.519205E-02	1.490228E-02	1.465948E-02	1.446424E-02	1.427776E-02	1.411577E-02	1.397446E-02	1.378813E-02	1.362955E-02	1.344851E-02	1.327425E-02	1.311727E-02	1.298570E-02	1.286994E-02	1.277154E-02	1.269787E-02	1.261650E-02	1.254396E-02	1.242024E-02	1.231429E-02	1.222500E-02	1.215842E-02	1.208624E-02	1.196464E-02	1.186671E-02	1.174139E-02	1.159725E-02	1.147678E-02	1.131415E-02	1.119005E-02	1.109801E-02	1.101405E-02	1.094128E-02	1.087392E-02	1.081122E-02	1.068234E-02	1.049274E-02	1.019128E-02	9.626422E-03	8.719916E-03	7.282315E-03	

3.650134E-02	3.537800E-02	3.342996E-02	3.185755E-02	2.884600E-02	2.671106E-02	2.509038E-02	2.382835E-02	2.192865E-02	2.061510E-02	1.961273E-02	1.882961E-02	1.820121E-02	1.768658E-02	1.724440E-02	1.686755E-02	1.654475E-02	1.626040E-02	1.602453E-02	1.580035E-02	1.559996E-02	1.525972E-02	1.498205E-02	1.474964E-02	1.456360E-02	1.438477E-02	1.422952E-02	1.409415E-02	1.391550E-02	1.376345E-02	1.358967E-02	1.342290E-02	1.327174E-02	1.314499E-02	1.303317E-02	1.293819E-02	1.286762E-02	1.278870E-02	1.271828E-02	1.259811E-02	1.249490E-02	1.240785E-02	1.234333E-02	1.227259E-02	1.215328E-02	1.205701E-02	1.193337E-02	1.179105E-02	1.167138E-02	1.150938E-02	1.138508E-02	1.129267E-02	1.120808E-02	1.113462E-02	1.106651E-02	1.100305E-02	1.087236E-02	1.067986E-02	1.037346E-02	9.798891E-03	8.876416E-03	7.413174E-03	

3.643366E-02	3.528965E-02	3.331575E-02	3.172857E-02	2.870482E-02	2.657359E-02	2.496315E-02	2.371452E-02	2.184299E-02	2.055750E-02	1.957990E-02	1.881936E-02	1.821092E-02	1.771405E-02	1.728754E-02	1.692464E-02	1.661429E-02	1.634110E-02	1.611562E-02	1.590061E-02	1.570842E-02	1.538252E-02	1.511685E-02	1.489472E-02	1.471779E-02	1.454642E-02	1.439773E-02	1.426814E-02	1.409690E-02	1.395115E-02	1.378429E-02	1.362470E-02	1.347901E-02	1.335678E-02	1.324861E-02	1.315679E-02	1.308915E-02	1.301246E-02	1.294394E-02	1.282697E-02	1.272621E-02	1.264114E-02	1.257851E-02	1.250900E-02	1.239163E-02	1.229674E-02	1.217439E-02	1.203349E-02	1.191424E-02	1.175241E-02	1.162757E-02	1.153454E-02	1.144910E-02	1.137477E-02	1.130573E-02	1.124133E-02	1.110844E-02	1.091238E-02	1.059992E-02	1.001339E-02	9.071158E-03	7.576108E-03	

3.639547E-02	3.523076E-02	3.323083E-02	3.162883E-02	2.859315E-02	2.646639E-02	2.486710E-02	2.363286E-02	2.179115E-02	2.053512E-02	1.958329E-02	1.884611E-02	1.825822E-02	1.777954E-02	1.736901E-02	1.702028E-02	1.672253E-02	1.646058E-02	1.624560E-02	1.603976E-02	1.585576E-02	1.554415E-02	1.529037E-02	1.507838E-02	1.491045E-02	1.474635E-02	1.460405E-02	1.448007E-02	1.431599E-02	1.417629E-02	1.401606E-02	1.386334E-02	1.372281E-02	1.360483E-02	1.350007E-02	1.341119E-02	1.334635E-02	1.327172E-02	1.320494E-02	1.309092E-02	1.299239E-02	1.290914E-02	1.284830E-02	1.277990E-02	1.266428E-02	1.257065E-02	1.244947E-02	1.230991E-02	1.219103E-02	1.202940E-02	1.190401E-02	1.181040E-02	1.172409E-02	1.164886E-02	1.157884E-02	1.151344E-02	1.137817E-02	1.117818E-02	1.085894E-02	1.025889E-02	9.294176E-03	7.762810E-03	

3.638212E-02	3.519704E-02	3.317145E-02	3.155508E-02	2.850856E-02	2.638765E-02	2.480087E-02	2.358235E-02	2.177252E-02	2.054763E-02	1.962275E-02	1.890983E-02	1.834313E-02	1.788312E-02	1.748888E-02	1.715455E-02	1.686955E-02	1.661890E-02	1.641449E-02	1.621781E-02	1.604197E-02	1.574452E-02	1.550246E-02	1.530042E-02	1.514134E-02	1.498428E-02	1.484813E-02	1.472956E-02	1.457234E-02	1.443841E-02	1.428446E-02	1.413827E-02	1.400255E-02	1.388853E-02	1.378690E-02	1.370074E-02	1.363855E-02	1.356576E-02	1.350057E-02	1.338921E-02	1.329267E-02	1.321105E-02	1.315186E-02	1.308441E-02	1.297029E-02	1.287771E-02	1.275741E-02	1.261888E-02	1.250010E-02	1.233828E-02	1.221207E-02	1.211769E-02	1.203035E-02	1.195408E-02	1.188297E-02	1.181645E-02	1.167854E-02	1.147422E-02	1.114751E-02	1.053251E-02	9.542879E-03	7.971158E-03	

3.639697E-02	3.519172E-02	3.314067E-02	3.151024E-02	2.845395E-02	2.634032E-02	2.476748E-02	2.356609E-02	2.179034E-02	2.059835E-02	1.970169E-02	1.901395E-02	1.846911E-02	1.802826E-02	1.765065E-02	1.733093E-02	1.705880E-02	1.681953E-02	1.662575E-02	1.643822E-02	1.627050E-02	1.598706E-02	1.575653E-02	1.556424E-02	1.541383E-02	1.526356E-02	1.513333E-02	1.501996E-02	1.486926E-02	1.474083E-02	1.459280E-02	1.445278E-02	1.432154E-02	1.421117E-02	1.411242E-02	1.402876E-02	1.396908E-02	1.389796E-02	1.383417E-02	1.372522E-02	1.363046E-02	1.355028E-02	1.349264E-02	1.342599E-02	1.331312E-02	1.322143E-02	1.310176E-02	1.296400E-02	1.284507E-02	1.268275E-02	1.255549E-02	1.246017E-02	1.237164E-02	1.229420E-02	1.222186E-02	1.215411E-02	1.201326E-02	1.180415E-02	1.146917E-02	1.083759E-02	9.820274E-03	8.203638E-03	

3.644041E-02	3.521515E-02	3.313889E-02	3.149486E-02	2.843018E-02	2.632558E-02	2.476839E-02	2.358576E-02	2.184661E-02	2.068951E-02	1.982243E-02	1.916089E-02	1.863866E-02	1.821748E-02	1.785684E-02	1.755198E-02	1.729286E-02	1.706502E-02	1.688195E-02	1.670354E-02	1.654387E-02	1.627429E-02	1.605509E-02	1.587233E-02	1.573041E-02	1.558666E-02	1.546211E-02	1.535372E-02	1.520921E-02	1.508597E-02	1.494349E-02	1.480931E-02	1.468219E-02	1.457519E-02	1.447906E-02	1.439768E-02	1.434037E-02	1.427073E-02	1.420820E-02	1.410139E-02	1.400821E-02	1.392930E-02	1.387310E-02	1.380712E-02	1.369528E-02	1.360429E-02	1.348504E-02	1.334784E-02	1.322856E-02	1.306553E-02	1.293704E-02	1.284068E-02	1.275083E-02	1.267212E-02	1.259844E-02	1.252935E-02	1.238530E-02	1.217094E-02	1.182687E-02	1.117698E-02	1.012900E-02	8.462500E-03	

3.651664E-02	3.527114E-02	3.316937E-02	3.151191E-02	2.843998E-02	2.634616E-02	2.480636E-02	2.364418E-02	2.194423E-02	2.082402E-02	1.998791E-02	1.935358E-02	1.885465E-02	1.845363E-02	1.811027E-02	1.782045E-02	1.757445E-02	1.735806E-02	1.718574E-02	1.701636E-02	1.686467E-02	1.660873E-02	1.640060E-02	1.622710E-02	1.609346E-02	1.595594E-02	1.583678E-02	1.573312E-02	1.559446E-02	1.547608E-02	1.533878E-02	1.521008E-02	1.508673E-02	1.498279E-02	1.488902E-02	1.480972E-02	1.475464E-02	1.468630E-02	1.462488E-02	1.451996E-02	1.442815E-02	1.435034E-02	1.429548E-02	1.423003E-02	1.411900E-02	1.402854E-02	1.390948E-02	1.377260E-02	1.365276E-02	1.348878E-02	1.335888E-02	1.326136E-02	1.317009E-02	1.308999E-02	1.301487E-02	1.294432E-02	1.279680E-02	1.257671E-02	1.222267E-02	1.155265E-02	1.047084E-02	8.749247E-03	

3.662282E-02	3.535719E-02	3.323017E-02	3.155993E-02	2.848276E-02	2.640209E-02	2.488188E-02	2.374217E-02	2.208443E-02	2.100340E-02	2.019979E-02	1.959377E-02	1.911892E-02	1.873858E-02	1.841285E-02	1.813828E-02	1.790549E-02	1.770058E-02	1.753905E-02	1.737865E-02	1.723485E-02	1.699233E-02	1.679500E-02	1.663050E-02	1.650493E-02	1.637333E-02	1.625930E-02	1.616013E-02	1.602694E-02	1.591313E-02	1.578063E-02	1.565706E-02	1.553714E-02	1.543600E-02	1.534436E-02	1.526693E-02	1.521396E-02	1.514675E-02	1.508629E-02	1.498304E-02	1.489240E-02	1.481551E-02	1.476190E-02	1.469682E-02	1.458632E-02	1.449617E-02	1.437698E-02	1.424011E-02	1.411943E-02	1.395417E-02	1.382262E-02	1.372382E-02	1.363098E-02	1.354939E-02	1.347272E-02	1.340061E-02	1.324933E-02	1.302303E-02	1.265817E-02	1.196616E-02	1.084729E-02	9.065186E-03	

3.676045E-02	3.547466E-02	3.332257E-02	3.164023E-02	2.856007E-02	2.649518E-02	2.499698E-02	2.388191E-02	2.226959E-02	2.123009E-02	2.046055E-02	1.988393E-02	1.943389E-02	1.907473E-02	1.876691E-02	1.850777E-02	1.828825E-02	1.809480E-02	1.794407E-02	1.779254E-02	1.765651E-02	1.742711E-02	1.724027E-02	1.708445E-02	1.696671E-02	1.684069E-02	1.673148E-02	1.663654E-02	1.650846E-02	1.639888E-02	1.627079E-02	1.615202E-02	1.603520E-02	1.593658E-02	1.584684E-02	1.577112E-02	1.572015E-02	1.565392E-02	1.559429E-02	1.549250E-02	1.540284E-02	1.532672E-02	1.527426E-02	1.520940E-02	1.509916E-02	1.500910E-02	1.488946E-02	1.475227E-02	1.463044E-02	1.446357E-02	1.433016E-02	1.422995E-02	1.413542E-02	1.405223E-02	1.397390E-02	1.390011E-02	1.374480E-02	1.351180E-02	1.313522E-02	1.241927E-02	1.125996E-02	9.411675E-03	

3.692999E-02	3.562408E-02	3.344724E-02	3.175368E-02	2.867323E-02	2.662714E-02	2.515362E-02	2.406554E-02	2.250206E-02	2.150653E-02	2.077265E-02	2.022649E-02	1.980197E-02	1.946442E-02	1.917476E-02	1.893114E-02	1.872491E-02	1.854283E-02	1.840288E-02	1.826005E-02	1.813162E-02	1.791497E-02	1.773824E-02	1.759073E-02	1.748054E-02	1.735973E-02	1.725499E-02	1.716400E-02	1.704061E-02	1.693492E-02	1.681085E-02	1.669653E-02	1.658249E-02	1.648614E-02	1.639808E-02	1.632391E-02	1.627482E-02	1.620944E-02	1.615053E-02	1.605001E-02	1.596118E-02	1.588569E-02	1.583433E-02	1.576956E-02	1.565936E-02	1.556920E-02	1.544885E-02	1.531107E-02	1.518787E-02	1.501912E-02	1.488368E-02	1.478195E-02	1.468563E-02	1.460074E-02	1.452066E-02	1.444510E-02	1.428549E-02	1.404530E-02	1.365606E-02	1.291417E-02	1.171087E-02	9.790432E-03	

3.712772E-02	3.580220E-02	3.360171E-02	3.189846E-02	2.882158E-02	2.679806E-02	2.535240E-02	2.429403E-02	2.278323E-02	2.183433E-02	2.113778E-02	2.062320E-02	2.022491E-02	1.990941E-02	1.963813E-02	1.941013E-02	1.921715E-02	1.904636E-02	1.891712E-02	1.878281E-02	1.866179E-02	1.845749E-02	1.829045E-02	1.815087E-02	1.804795E-02	1.793196E-02	1.783138E-02	1.774406E-02	1.762497E-02	1.752286E-02	1.740244E-02	1.729228E-02	1.718074E-02	1.708643E-02	1.699989E-02	1.692714E-02	1.687991E-02	1.681528E-02	1.675701E-02	1.665764E-02	1.656957E-02	1.649464E-02	1.644438E-02	1.637965E-02	1.626938E-02	1.617905E-02	1.605788E-02	1.591948E-02	1.579481E-02	1.562415E-02	1.548663E-02	1.538340E-02	1.528523E-02	1.519858E-02	1.511668E-02	1.503926E-02	1.487507E-02	1.462715E-02	1.422426E-02	1.345421E-02	1.220304E-02	1.020396E-02	

3.735607E-02	3.601132E-02	3.378813E-02	3.207675E-02	2.900750E-02	2.701051E-02	2.559604E-02	2.457017E-02	2.311591E-02	2.221622E-02	2.155860E-02	2.107660E-02	2.070515E-02	2.041203E-02	2.015925E-02	1.994687E-02	1.976704E-02	1.960735E-02	1.948872E-02	1.936269E-02	1.924883E-02	1.905640E-02	1.889859E-02	1.876651E-02	1.867054E-02	1.855897E-02	1.846219E-02	1.837826E-02	1.826307E-02	1.816422E-02	1.804711E-02	1.794083E-02	1.783151E-02	1.773907E-02	1.765389E-02	1.758246E-02	1.753707E-02	1.747310E-02	1.741540E-02	1.731710E-02	1.722972E-02	1.715531E-02	1.710619E-02	1.704145E-02	1.693105E-02	1.684052E-02	1.671845E-02	1.657942E-02	1.645324E-02	1.628068E-02	1.614107E-02	1.603634E-02	1.593627E-02	1.584781E-02	1.576401E-02	1.568464E-02	1.551559E-02	1.525942E-02	1.484183E-02	1.404134E-02	1.273826E-02	1.065378E-02	

3.761348E-02	3.625008E-02	3.400564E-02	3.228816E-02	2.923150E-02	2.726562E-02	2.588607E-02	2.489572E-02	2.350213E-02	2.265433E-02	2.203723E-02	2.158877E-02	2.124471E-02	2.097425E-02	2.074003E-02	2.054321E-02	2.037636E-02	2.022755E-02	2.011937E-02	2.000133E-02	1.989436E-02	1.971323E-02	1.956413E-02	1.943906E-02	1.934973E-02	1.924214E-02	1.914879E-02	1.906796E-02	1.895628E-02	1.886037E-02	1.874623E-02	1.864357E-02	1.853625E-02	1.844548E-02	1.836152E-02	1.829131E-02	1.824775E-02	1.818433E-02	1.812712E-02	1.802976E-02	1.794297E-02	1.786898E-02	1.782101E-02	1.775618E-02	1.764552E-02	1.755471E-02	1.743161E-02	1.729196E-02	1.716423E-02	1.698986E-02	1.684821E-02	1.674204E-02	1.664010E-02	1.654982E-02	1.646408E-02	1.638270E-02	1.620858E-02	1.594366E-02	1.551038E-02	1.467716E-02	1.331808E-02	1.114125E-02	

3.789940E-02	3.651816E-02	3.425433E-02	3.253317E-02	2.949486E-02	2.756520E-02	2.622458E-02	2.527297E-02	2.394431E-02	2.315108E-02	2.257603E-02	2.216198E-02	2.184575E-02	2.159813E-02	2.138244E-02	2.120102E-02	2.104692E-02	2.090870E-02	2.081077E-02	2.070036E-02	2.059995E-02	2.042950E-02	2.028853E-02	2.016998E-02	2.008695E-02	1.998291E-02	1.989263E-02	1.981461E-02	1.970607E-02	1.961284E-02	1.950140E-02	1.940206E-02	1.929652E-02	1.920725E-02	1.912434E-02	1.905520E-02	1.901339E-02	1.895037E-02	1.889349E-02	1.879676E-02	1.871029E-02	1.863646E-02	1.858948E-02	1.852433E-02	1.841300E-02	1.832161E-02	1.819711E-02	1.805651E-02	1.792701E-02	1.775070E-02	1.760699E-02	1.749945E-02	1.739563E-02	1.730354E-02	1.721587E-02	1.713247E-02	1.695311E-02	1.667904E-02	1.622921E-02	1.536118E-02	1.394221E-02	1.166632E-02	

3.821499E-02	3.681681E-02	3.453570E-02	3.281361E-02	2.980001E-02	2.791200E-02	2.661455E-02	2.570496E-02	2.444547E-02	2.370933E-02	2.317771E-02	2.279875E-02	2.251063E-02	2.228588E-02	2.208855E-02	2.192227E-02	2.178055E-02	2.165252E-02	2.156457E-02	2.146138E-02	2.136713E-02	2.120664E-02	2.107317E-02	2.096059E-02	2.088352E-02	2.078257E-02	2.069501E-02	2.061955E-02	2.051381E-02	2.042303E-02	2.031406E-02	2.021787E-02	2.011398E-02	2.002609E-02	1.994415E-02	1.987602E-02	1.983598E-02	1.977325E-02	1.971662E-02	1.962035E-02	1.953402E-02	1.946019E-02	1.941415E-02	1.934853E-02	1.923628E-02	1.914413E-02	1.901796E-02	1.887629E-02	1.874491E-02	1.856669E-02	1.842096E-02	1.831215E-02	1.820650E-02	1.811263E-02	1.802302E-02	1.793756E-02	1.775279E-02	1.746914E-02	1.700180E-02	1.609668E-02	1.461362E-02	1.223144E-02	

3.857213E-02	3.715764E-02	3.486100E-02	3.314056E-02	3.015770E-02	2.831654E-02	2.706622E-02	2.620167E-02	2.501508E-02	2.433814E-02	2.385094E-02	2.350745E-02	2.324747E-02	2.304541E-02	2.286608E-02	2.271451E-02	2.258469E-02	2.246634E-02	2.238803E-02	2.229154E-02	2.220300E-02	2.205166E-02	2.192500E-02	2.181781E-02	2.174634E-02	2.164805E-02	2.156284E-02	2.148971E-02	2.138644E-02	2.129791E-02	2.119126E-02	2.109812E-02	2.099582E-02	2.090929E-02	2.082831E-02	2.076118E-02	2.072301E-02	2.066054E-02	2.060412E-02	2.050825E-02	2.042201E-02	2.034810E-02	2.030304E-02	2.023687E-02	2.012356E-02	2.003055E-02	1.990259E-02	1.975984E-02	1.962654E-02	1.944650E-02	1.929883E-02	1.918882E-02	1.908135E-02	1.898568E-02	1.889408E-02	1.880650E-02	1.861604E-02	1.832220E-02	1.783614E-02	1.689115E-02	1.533902E-02	1.284214E-02	

3.897257E-02	3.754264E-02	3.523267E-02	3.351689E-02	3.057158E-02	2.878290E-02	2.758385E-02	2.676744E-02	2.565744E-02	2.504167E-02	2.459971E-02	2.429191E-02	2.405993E-02	2.388026E-02	2.371844E-02	2.358106E-02	2.346257E-02	2.335332E-02	2.328426E-02	2.319394E-02	2.311059E-02	2.296754E-02	2.284698E-02	2.274462E-02	2.267844E-02	2.258236E-02	2.249919E-02	2.242816E-02	2.232712E-02	2.224072E-02	2.213629E-02	2.204625E-02	2.194559E-02	2.186051E-02	2.178058E-02	2.171460E-02	2.167851E-02	2.161638E-02	2.156027E-02	2.146495E-02	2.137893E-02	2.130507E-02	2.126117E-02	2.119453E-02	2.108027E-02	2.098653E-02	2.085685E-02	2.071325E-02	2.057811E-02	2.039647E-02	2.024693E-02	2.013581E-02	2.002648E-02	1.992896E-02	1.983530E-02	1.974548E-02	1.954895E-02	1.924419E-02	1.873797E-02	1.774996E-02	1.612320E-02	1.350235E-02	

3.940642E-02	3.796268E-02	3.564296E-02	3.393600E-02	3.103701E-02	2.930754E-02	2.816459E-02	2.739979E-02	2.637044E-02	2.581789E-02	2.542199E-02	2.515001E-02	2.494581E-02	2.478813E-02	2.464328E-02	2.451948E-02	2.441168E-02	2.431090E-02	2.425069E-02	2.416594E-02	2.408726E-02	2.395162E-02	2.383646E-02	2.373838E-02	2.367717E-02	2.358292E-02	2.350150E-02	2.343242E-02	2.333341E-02	2.324906E-02	2.314681E-02	2.305996E-02	2.296104E-02	2.287752E-02	2.279875E-02	2.273406E-02	2.270029E-02	2.263861E-02	2.258291E-02	2.248832E-02	2.240270E-02	2.232903E-02	2.228655E-02	2.221955E-02	2.210453E-02	2.201025E-02	2.187906E-02	2.173501E-02	2.159826E-02	2.141543E-02	2.126423E-02	2.115214E-02	2.104100E-02	2.094161E-02	2.084582E-02	2.075367E-02	2.055074E-02	2.023435E-02	1.970656E-02	1.867240E-02	1.696552E-02	1.421148E-02	

3.987547E-02	3.841995E-02	3.609474E-02	3.440135E-02	3.155836E-02	2.989520E-02	2.881328E-02	2.810352E-02	2.715859E-02	2.667097E-02	2.632162E-02	2.608531E-02	2.590843E-02	2.577215E-02	2.564355E-02	2.553258E-02	2.543473E-02	2.534170E-02	2.528989E-02	2.521005E-02	2.513548E-02	2.500634E-02	2.489589E-02	2.480160E-02	2.474501E-02	2.465227E-02	2.457237E-02	2.450508E-02	2.440791E-02	2.432550E-02	2.422530E-02	2.414160E-02	2.404430E-02	2.396222E-02	2.388453E-02	2.382104E-02	2.378964E-02	2.372832E-02	2.367294E-02	2.357894E-02	2.349360E-02	2.342007E-02	2.337902E-02	2.331161E-02	2.319579E-02	2.310100E-02	2.296831E-02	2.282406E-02	2.268591E-02	2.250233E-02	2.234975E-02	2.223698E-02	2.212417E-02	2.202303E-02	2.192516E-02	2.183069E-02	2.162121E-02	2.129268E-02	2.074218E-02	1.965905E-02	1.786681E-02	1.497056E-02	

4.038299E-02	3.891811E-02	3.659235E-02	3.491784E-02	3.214132E-02	3.055190E-02	2.953595E-02	2.888457E-02	2.802754E-02	2.760622E-02	2.730359E-02	2.710251E-02	2.695224E-02	2.683660E-02	2.672335E-02	2.662436E-02	2.653559E-02	2.644952E-02	2.640565E-02	2.633005E-02	2.625898E-02	2.613545E-02	2.602908E-02	2.593815E-02	2.588576E-02	2.579427E-02	2.571566E-02	2.565003E-02	2.555444E-02	2.547377E-02	2.537524E-02	2.529430E-02	2.519813E-02	2.511698E-02	2.503983E-02	2.497706E-02	2.494770E-02	2.488632E-02	2.483087E-02	2.473673E-02	2.465107E-02	2.457720E-02	2.453724E-02	2.446909E-02	2.435199E-02	2.425637E-02	2.412189E-02	2.397741E-02	2.383793E-02	2.365405E-02	2.350050E-02	2.338749E-02	2.327332E-02	2.317068E-02	2.307093E-02	2.297427E-02	2.275832E-02	2.241747E-02	2.184347E-02	2.070906E-02	1.882673E-02	1.577971E-02	

4.093352E-02	3.946217E-02	3.714160E-02	3.549189E-02	3.279312E-02	3.128504E-02	3.033998E-02	2.975013E-02	2.898401E-02	2.862992E-02	2.837382E-02	2.820723E-02	2.808260E-02	2.798666E-02	2.788771E-02	2.779971E-02	2.771910E-02	2.763912E-02	2.760271E-02	2.753063E-02	2.746247E-02	2.734366E-02	2.724079E-02	2.715287E-02	2.710444E-02	2.701403E-02	2.693663E-02	2.687265E-02	2.677861E-02	2.669970E-02	2.660277E-02	2.652458E-02	2.642938E-02	2.634895E-02	2.627214E-02	2.620987E-02	2.618249E-02	2.612083E-02	2.606510E-02	2.597044E-02	2.588412E-02	2.580968E-02	2.577069E-02	2.570160E-02	2.558298E-02	2.548642E-02	2.535003E-02	2.520543E-02	2.506475E-02	2.488101E-02	2.472677E-02	2.461384E-02	2.449848E-02	2.439448E-02	2.429290E-02	2.419408E-02	2.397151E-02	2.361783E-02	2.301908E-02	2.183031E-02	1.985213E-02	1.664436E-02	

4.153360E-02	4.005918E-02	3.775029E-02	3.613191E-02	3.352283E-02	3.210381E-02	3.123435E-02	3.070894E-02	3.003615E-02	2.974970E-02	2.953949E-02	2.940628E-02	2.930602E-02	2.922863E-02	2.914275E-02	2.906463E-02	2.899113E-02	2.891633E-02	2.888691E-02	2.881761E-02	2.875175E-02	2.863684E-02	2.853698E-02	2.845188E-02	2.840734E-02	2.831803E-02	2.824192E-02	2.817977E-02	2.808752E-02	2.801070E-02	2.791572E-02	2.784074E-02	2.774681E-02	2.766731E-02	2.759099E-02	2.752935E-02	2.750419E-02	2.744233E-02	2.738636E-02	2.729123E-02	2.720427E-02	2.712928E-02	2.709136E-02	2.702136E-02	2.690124E-02	2.680378E-02	2.666548E-02	2.652096E-02	2.637916E-02	2.619576E-02	2.604090E-02	2.592812E-02	2.581152E-02	2.570609E-02	2.560258E-02	2.550145E-02	2.527181E-02	2.490438E-02	2.427911E-02	2.303204E-02	2.095112E-02	1.757103E-02	

4.219276E-02	4.071918E-02	3.842929E-02	3.684930E-02	3.434241E-02	3.302013E-02	3.223075E-02	3.177238E-02	3.119473E-02	3.097581E-02	3.081043E-02	3.070912E-02	3.063168E-02	3.057149E-02	3.049729E-02	3.042779E-02	3.036031E-02	3.028971E-02	3.026682E-02	3.019957E-02	3.013539E-02	3.002364E-02	2.992643E-02	2.984406E-02	2.980361E-02	2.971555E-02	2.964098E-02	2.958105E-02	2.949115E-02	2.941705E-02	2.932478E-02	2.925401E-02	2.916212E-02	2.908422E-02	2.900895E-02	2.894846E-02	2.892615E-02	2.886445E-02	2.880857E-02	2.871347E-02	2.862629E-02	2.855112E-02	2.851466E-02	2.844396E-02	2.832269E-02	2.822461E-02	2.808459E-02	2.794049E-02	2.779765E-02	2.761466E-02	2.745902E-02	2.734625E-02	2.722814E-02	2.712098E-02	2.701520E-02	2.691142E-02	2.667386E-02	2.629124E-02	2.563691E-02	2.432646E-02	2.213429E-02	1.856813E-02	

4.292371E-02	4.145548E-02	3.919274E-02	3.765878E-02	3.526708E-02	3.404913E-02	3.334401E-02	3.295492E-02	3.247352E-02	3.232148E-02	3.219941E-02	3.212819E-02	3.207173E-02	3.202726E-02	3.196320E-02	3.190103E-02	3.183842E-02	3.177105E-02	3.175423E-02	3.168831E-02	3.162526E-02	3.151598E-02	3.142109E-02	3.134139E-02	3.130523E-02	3.121854E-02	3.114571E-02	3.108832E-02	3.100121E-02	3.093037E-02	3.084143E-02	3.077574E-02	3.068652E-02	3.061074E-02	3.053700E-02	3.047812E-02	3.045920E-02	3.039798E-02	3.034246E-02	3.024786E-02	3.016083E-02	3.008582E-02	3.005120E-02	2.998005E-02	2.985794E-02	2.975952E-02	2.961800E-02	2.947471E-02	2.933093E-02	2.914849E-02	2.899195E-02	2.887906E-02	2.875919E-02	2.865004E-02	2.854168E-02	2.843490E-02	2.818857E-02	2.778926E-02	2.710318E-02	2.572384E-02	2.341111E-02	1.964372E-02	

4.374544E-02	4.228758E-02	4.006085E-02	3.858100E-02	3.631772E-02	3.521145E-02	3.459435E-02	3.427639E-02	3.389157E-02	3.380518E-02	3.372448E-02	3.368119E-02	3.364360E-02	3.361328E-02	3.355772E-02	3.350154E-02	3.344269E-02	3.337767E-02	3.336614E-02	3.330091E-02	3.323840E-02	3.313070E-02	3.303741E-02	3.295982E-02	3.292752E-02	3.284162E-02	3.276998E-02	3.271468E-02	3.262967E-02	3.256144E-02	3.247505E-02	3.241381E-02	3.232650E-02	3.225225E-02	3.217946E-02	3.212177E-02	3.210603E-02	3.204493E-02	3.198949E-02	3.189503E-02	3.180788E-02	3.173286E-02	3.170013E-02	3.162844E-02	3.150548E-02	3.140684E-02	3.126398E-02	3.112205E-02	3.097772E-02	3.079666E-02	3.063976E-02	3.052725E-02	3.040592E-02	3.029498E-02	3.018415E-02	3.007441E-02	2.981906E-02	2.940228E-02	2.868259E-02	2.722969E-02	2.478767E-02	2.080386E-02	

4.476551E-02	4.331863E-02	4.112997E-02	3.970762E-02	3.757859E-02	3.658746E-02	3.605986E-02	3.581361E-02	3.552435E-02	3.550212E-02	3.546070E-02	3.544326E-02	3.542257E-02	3.540511E-02	3.535661E-02	3.530532E-02	3.524937E-02	3.518608E-02	3.517914E-02	3.511412E-02	3.505173E-02	3.494485E-02	3.485235E-02	3.477610E-02	3.474696E-02	3.466078E-02	3.458928E-02	3.453502E-02	3.445053E-02	3.438338E-02	3.429764E-02	3.423907E-02	3.415175E-02	3.407741E-02	3.400408E-02	3.394643E-02	3.393307E-02	3.387110E-02	3.381494E-02	3.371950E-02	3.363131E-02	3.355563E-02	3.352452E-02	3.345192E-02	3.332762E-02	3.322865E-02	3.308444E-02	3.294444E-02	3.280004E-02	3.262166E-02	3.246538E-02	3.235415E-02	3.223196E-02	3.211971E-02	3.200672E-02	3.189419E-02	3.162967E-02	3.119446E-02	3.043854E-02	2.890520E-02	2.632056E-02	2.209685E-02	

4.598700E-02	4.455430E-02	4.240975E-02	4.105119E-02	3.906653E-02	3.819614E-02	3.776061E-02	3.758726E-02	3.739290E-02	3.743332E-02	3.742898E-02	3.743505E-02	3.742899E-02	3.742309E-02	3.738007E-02	3.733255E-02	3.727868E-02	3.721660E-02	3.721381E-02	3.714872E-02	3.708622E-02	3.697993E-02	3.688801E-02	3.681294E-02	3.678685E-02	3.669989E-02	3.662795E-02	3.657423E-02	3.648935E-02	3.642237E-02	3.633606E-02	3.627916E-02	3.619045E-02	3.611491E-02	3.603993E-02	3.598148E-02	3.596997E-02	3.590637E-02	3.584885E-02	3.575151E-02	3.566152E-02	3.558460E-02	3.555492E-02	3.548102E-02	3.535483E-02	3.525528E-02	3.510943E-02	3.497149E-02	3.482704E-02	3.465182E-02	3.449642E-02	3.438680E-02	3.426385E-02	3.415030E-02	3.403506E-02	3.391956E-02	3.364505E-02	3.318962E-02	3.239372E-02	3.077125E-02	2.802823E-02	2.353766E-02	

4.745534E-02	4.604127E-02	4.394871E-02	4.266174E-02	4.083355E-02	4.009043E-02	3.974994E-02	3.965086E-02	3.955068E-02	3.965214E-02	3.968239E-02	3.970939E-02	3.971546E-02	3.971991E-02	3.968078E-02	3.963600E-02	3.958359E-02	3.952249E-02	3.952406E-02	3.945900E-02	3.939661E-02	3.929176E-02	3.920140E-02	3.912867E-02	3.910684E-02	3.901978E-02	3.894796E-02	3.889541E-02	3.881076E-02	3.874446E-02	3.865802E-02	3.860355E-02	3.851349E-02	3.843673E-02	3.835989E-02	3.830058E-02	3.829109E-02	3.822562E-02	3.816648E-02	3.806691E-02	3.797467E-02	3.789614E-02	3.786782E-02	3.779225E-02	3.766346E-02	3.756280E-02	3.741445E-02	3.727782E-02	3.713240E-02	3.695919E-02	3.680354E-02	3.669470E-02	3.657005E-02	3.645430E-02	3.633587E-02	3.621645E-02	3.592972E-02	3.545036E-02	3.460798E-02	3.288326E-02	2.995978E-02	2.516632E-02	

4.928140E-02	4.788982E-02	4.585633E-02	4.464868E-02	4.298890E-02	4.237981E-02	4.213744E-02	4.211426E-02	4.210756E-02	4.226867E-02	4.233099E-02	4.237626E-02	4.239185E-02	4.240570E-02	4.236890E-02	4.232603E-02	4.227471E-02	4.221469E-02	4.222158E-02	4.215706E-02	4.209545E-02	4.199407E-02	4.190750E-02	4.183955E-02	4.182458E-02	4.173922E-02	4.166917E-02	4.161950E-02	4.153714E-02	4.147340E-02	4.138877E-02	4.133919E-02	4.124903E-02	4.117204E-02	4.109394E-02	4.103442E-02	4.102778E-02	4.096058E-02	4.089990E-02	4.079819E-02	4.070349E-02	4.062311E-02	4.059619E-02	4.051853E-02	4.038613E-02	4.028353E-02	4.013110E-02	3.999401E-02	3.984564E-02	3.967153E-02	3.951294E-02	3.940276E-02	3.927428E-02	3.915433E-02	3.903079E-02	3.890556E-02	3.860250E-02	3.809289E-02	3.719359E-02	3.534649E-02	3.220977E-02	2.706108E-02	

5.165963E-02	5.029299E-02	4.832375E-02	4.720288E-02	4.572358E-02	4.525630E-02	4.511604E-02	4.517141E-02	4.525857E-02	4.547904E-02	4.557132E-02	4.563244E-02	4.565498E-02	4.567735E-02	4.564112E-02	4.559911E-02	4.554827E-02	4.548914E-02	4.550238E-02	4.543861E-02	4.537819E-02	4.528184E-02	4.520093E-02	4.513997E-02	4.513445E-02	4.505228E-02	4.498537E-02	4.494014E-02	4.486185E-02	4.480236E-02	4.472123E-02	4.467893E-02	4.458969E-02	4.451325E-02	4.443424E-02	4.437500E-02	4.437214E-02	4.430315E-02	4.424080E-02	4.413673E-02	4.403905E-02	4.395632E-02	4.393084E-02	4.385038E-02	4.371290E-02	4.360711E-02	4.344844E-02	4.330867E-02	4.315479E-02	4.297619E-02	4.281132E-02	4.269725E-02	4.256227E-02	4.243562E-02	4.230449E-02	4.217100E-02	4.184616E-02	4.129762E-02	4.032674E-02	3.832848E-02	3.493095E-02	2.935033E-02	

5.471380E-02	5.337069E-02	5.146326E-02	5.042945E-02	4.912778E-02	4.879910E-02	4.875677E-02	4.888719E-02	4.905997E-02	4.933423E-02	4.945073E-02	4.952287E-02	4.954813E-02	4.957555E-02	4.953632E-02	4.949203E-02	4.943886E-02	4.937799E-02	4.939615E-02	4.933090E-02	4.926962E-02	4.917498E-02	4.909706E-02	4.904098E-02	4.904387E-02	4.896296E-02	4.889762E-02	4.885568E-02	4.877979E-02	4.872329E-02	4.864420E-02	4.860854E-02	4.851911E-02	4.844244E-02	4.836181E-02	4.830248E-02	4.830390E-02	4.823272E-02	4.816842E-02	4.806173E-02	4.796092E-02	4.787586E-02	4.785263E-02	4.776933E-02	4.762685E-02	4.751822E-02	4.735348E-02	4.721239E-02	4.705346E-02	4.687189E-02	4.670138E-02	4.658410E-02	4.644253E-02	4.630892E-02	4.616962E-02	4.602707E-02	4.567762E-02	4.508432E-02	4.403026E-02	4.185485E-02	3.815026E-02	3.205978E-02	

5.988406E-02	5.852902E-02	5.663702E-02	5.567290E-02	5.453554E-02	5.435449E-02	5.442159E-02	5.464080E-02	5.491534E-02	5.525924E-02	5.540729E-02	5.549519E-02	5.552564E-02	5.555888E-02	5.551496E-02	5.546590E-02	5.540713E-02	5.534044E-02	5.536251E-02	5.529118E-02	5.522452E-02	5.512341E-02	5.504111E-02	5.498357E-02	5.499163E-02	5.490537E-02	5.483606E-02	5.479307E-02	5.471307E-02	5.465444E-02	5.457116E-02	5.453801E-02	5.444295E-02	5.436176E-02	5.427555E-02	5.421333E-02	5.421923E-02	5.414304E-02	5.407447E-02	5.396174E-02	5.385500E-02	5.376556E-02	5.374531E-02	5.365721E-02	5.350689E-02	5.339378E-02	5.322019E-02	5.307788E-02	5.291215E-02	5.272800E-02	5.255073E-02	5.243018E-02	5.227997E-02	5.213709E-02	5.198658E-02	5.183139E-02	5.144649E-02	5.078767E-02	4.961064E-02	4.717094E-02	4.300598E-02	3.614869E-02	

6.935344E-02	6.790903E-02	6.593007E-02	6.499438E-02	6.398601E-02	6.396723E-02	6.416563E-02	6.450079E-02	6.490962E-02	6.535573E-02	6.555076E-02	6.566499E-02	6.570674E-02	6.575002E-02	6.570021E-02	6.564399E-02	6.557594E-02	6.549836E-02	6.552558E-02	6.544206E-02	6.536401E-02	6.524620E-02	6.515039E-02	6.508398E-02	6.509532E-02	6.499450E-02	6.491362E-02	6.486411E-02	6.477105E-02	6.470343E-02	6.460715E-02	6.457186E-02	6.446270E-02	6.437022E-02	6.427166E-02	6.420186E-02	6.421325E-02	6.412681E-02	6.404949E-02	6.392393E-02	6.380531E-02	6.370685E-02	6.369044E-02	6.359297E-02	6.342761E-02	6.330536E-02	6.311517E-02	6.296867E-02	6.278994E-02	6.259953E-02	6.240973E-02	6.228290E-02	6.211751E-02	6.195862E-02	6.178891E-02	6.161221E-02	6.116724E-02	6.039775E-02	5.901333E-02	5.612816E-02	5.118747E-02	4.303821E-02	

8.762957E-02	8.591493E-02	8.360695E-02	8.259321E-02	8.161236E-02	8.177412E-02	8.214431E-02	8.265010E-02	8.326177E-02	8.388128E-02	8.415970E-02	8.432776E-02	8.439941E-02	8.447022E-02	8.441980E-02	8.435999E-02	8.428372E-02	8.419388E-02	8.423753E-02	8.413768E-02	8.404417E-02	8.390437E-02	8.379043E-02	8.371294E-02	8.373477E-02	8.361052E-02	8.351103E-02	8.345154E-02	8.333696E-02	8.325470E-02	8.313638E-02	8.309823E-02	8.296399E-02	8.285124E-02	8.272981E-02	8.264577E-02	8.266665E-02	8.256084E-02	8.246677E-02	8.231591E-02	8.217367E-02	8.205662E-02	8.204525E-02	8.192847E-02	8.173150E-02	8.158858E-02	8.136269E-02	8.120062E-02	8.099145E-02	8.077895E-02	8.055812E-02	8.041334E-02	8.021485E-02	8.002217E-02	7.981349E-02	7.959410E-02	7.903362E-02	7.805512E-02	7.628345E-02	7.257321E-02	6.620213E-02	5.567673E-02	

1.184104E-01	1.161374E-01	1.130982E-01	1.118003E-01	1.105987E-01	1.108940E-01	1.114426E-01	1.121588E-01	1.130217E-01	1.138894E-01	1.142891E-01	1.145477E-01	1.146802E-01	1.148117E-01	1.147790E-01	1.147326E-01	1.146622E-01	1.145705E-01	1.146578E-01	1.145468E-01	1.144427E-01	1.142925E-01	1.141703E-01	1.140930E-01	1.141478E-01	1.139985E-01	1.138796E-01	1.138131E-01	1.136752E-01	1.135789E-01	1.134351E-01	1.134020E-01	1.132344E-01	1.130948E-01	1.129398E-01	1.128360E-01	1.128747E-01	1.127396E-01	1.126198E-01	1.124300E-01	1.122506E-01	1.121037E-01	1.121006E-01	1.119521E-01	1.117024E-01	1.115241E-01	1.112373E-01	1.110445E-01	1.107808E-01	1.105234E-01	1.102444E-01	1.100639E-01	1.098060E-01	1.095536E-01	1.092772E-01	1.089845E-01	1.082295E-01	1.069031E-01	1.044914E-01	9.942513E-02	9.071074E-02	7.630008E-02	

1.595399E-01	1.564086E-01	1.521902E-01	1.503316E-01	1.485060E-01	1.487627E-01	1.494046E-01	1.502988E-01	1.513715E-01	1.525098E-01	1.530442E-01	1.534277E-01	1.536630E-01	1.539042E-01	1.539301E-01	1.539383E-01	1.539124E-01	1.538533E-01	1.540295E-01	1.539337E-01	1.538439E-01	1.537297E-01	1.536377E-01	1.535963E-01	1.537250E-01	1.535686E-01	1.534459E-01	1.533886E-01	1.532438E-01	1.531487E-01	1.529929E-01	1.529869E-01	1.527918E-01	1.526304E-01	1.524405E-01	1.523190E-01	1.523873E-01	1.522200E-01	1.520715E-01	1.518386E-01	1.516169E-01	1.514350E-01	1.514459E-01	1.512586E-01	1.509434E-01	1.507209E-01	1.503563E-01	1.501228E-01	1.497864E-01	1.494658E-01	1.491058E-01	1.488741E-01	1.485343E-01	1.481999E-01	1.478315E-01	1.474398E-01	1.464252E-01	1.446378E-01	1.413820E-01	1.345343E-01	1.227483E-01	1.032522E-01	

2.003678E-01	1.964748E-01	1.911856E-01	1.888097E-01	1.863560E-01	1.865195E-01	1.871949E-01	1.882096E-01	1.893982E-01	1.907434E-01	1.913682E-01	1.918570E-01	1.921910E-01	1.925464E-01	1.926414E-01	1.927185E-01	1.927533E-01	1.927431E-01	1.930238E-01	1.929580E-01	1.928969E-01	1.928454E-01	1.928068E-01	1.928221E-01	1.930438E-01	1.928967E-01	1.927839E-01	1.927484E-01	1.926131E-01	1.925340E-01	1.923833E-01	1.924226E-01	1.922157E-01	1.920468E-01	1.918328E-01	1.917043E-01	1.918116E-01	1.916211E-01	1.914519E-01	1.911901E-01	1.909386E-01	1.907323E-01	1.907666E-01	1.905491E-01	1.901825E-01	1.899276E-01	1.894996E-01	1.892433E-01	1.888475E-01	1.884820E-01	1.880532E-01	1.877789E-01	1.873636E-01	1.869523E-01	1.864959E-01	1.860081E-01	1.847387E-01	1.824943E-01	1.783975E-01	1.697681E-01	1.549044E-01	1.303074E-01	

2.309166E-01	2.267275E-01	2.210120E-01	2.184902E-01	2.158516E-01	2.160387E-01	2.167585E-01	2.178492E-01	2.190619E-01	2.204898E-01	2.211131E-01	2.216208E-01	2.219785E-01	2.223785E-01	2.224892E-01	2.225879E-01	2.226428E-01	2.226482E-01	2.229909E-01	2.229319E-01	2.228788E-01	2.228540E-01	2.228409E-01	2.228889E-01	2.231759E-01	2.230310E-01	2.229229E-01	2.229032E-01	2.227762E-01	2.227125E-01	2.225717E-01	2.226569E-01	2.224527E-01	2.222905E-01	2.220705E-01	2.219497E-01	2.221005E-01	2.219043E-01	2.217311E-01	2.214696E-01	2.212166E-01	2.210111E-01	2.210826E-01	2.208587E-01	2.204830E-01	2.202298E-01	2.197872E-01	2.195604E-01	2.191551E-01	2.188109E-01	2.183688E-01	2.180926E-01	2.176432E-01	2.171922E-01	2.166841E-01	2.161357E-01	2.146901E-01	2.121135E-01	2.073861E-01	1.973911E-01	1.801406E-01	1.515616E-01	

2.495319E-01	2.454720E-01	2.399221E-01	2.375826E-01	2.351441E-01	2.354370E-01	2.361906E-01	2.372962E-01	2.384259E-01	2.397908E-01	2.403060E-01	2.407245E-01	2.410058E-01	2.413552E-01	2.414041E-01	2.414539E-01	2.414669E-01	2.414347E-01	2.417758E-01	2.416848E-01	2.416048E-01	2.415457E-01	2.415096E-01	2.415475E-01	2.418534E-01	2.416924E-01	2.415743E-01	2.415554E-01	2.414249E-01	2.413666E-01	2.412312E-01	2.413512E-01	2.411574E-01	2.410101E-01	2.407992E-01	2.406969E-01	2.408902E-01	2.407039E-01	2.405417E-01	2.403068E-01	2.400781E-01	2.398973E-01	2.400157E-01	2.398091E-01	2.394662E-01	2.392484E-01	2.388407E-01	2.386946E-01	2.383320E-01	2.380763E-01	2.376805E-01	2.374459E-01	2.370087E-01	2.365603E-01	2.360427E-01	2.354754E-01	2.339489E-01	2.311935E-01	2.260984E-01	2.152640E-01	1.965060E-01	1.653748E-01	

2.571656E-01	2.534853E-01	2.484674E-01	2.465119E-01	2.445400E-01	2.450148E-01	2.458199E-01	2.469212E-01	2.479428E-01	2.491824E-01	2.495550E-01	2.498471E-01	2.500184E-01	2.502818E-01	2.502466E-01	2.502265E-01	2.501797E-01	2.500958E-01	2.504067E-01	2.502753E-01	2.501602E-01	2.500505E-01	2.499775E-01	2.499908E-01	2.502918E-01	2.501126E-01	2.499821E-01	2.499584E-01	2.498224E-01	2.497656E-01	2.496344E-01	2.497773E-01	2.495969E-01	2.494663E-01	2.492705E-01	2.491883E-01	2.494134E-01	2.492428E-01	2.490967E-01	2.488953E-01	2.486980E-01	2.485475E-01	2.487062E-01	2.485242E-01	2.482267E-01	2.480519E-01	2.476947E-01	2.476338E-01	2.473285E-01	2.471716E-01	2.468392E-01	2.466567E-01	2.462508E-01	2.458247E-01	2.453202E-01	2.447588E-01	2.432174E-01	2.404020E-01	2.351580E-01	2.239482E-01	2.044850E-01	1.721315E-01	

2.571271E-01	2.539762E-01	2.497405E-01	2.483395E-01	2.471308E-01	2.479547E-01	2.489213E-01	2.500950E-01	2.511377E-01	2.523375E-01	2.526489E-01	2.528789E-01	2.529927E-01	2.532074E-01	2.531252E-01	2.530649E-01	2.529834E-01	2.528688E-01	2.531579E-01	2.530022E-01	2.528659E-01	2.527234E-01	2.526257E-01	2.526208E-01	2.529132E-01	2.527222E-01	2.525832E-01	2.525548E-01	2.524142E-01	2.523565E-01	2.522268E-01	2.523801E-01	2.522083E-01	2.520883E-01	2.519032E-01	2.518336E-01	2.520759E-01	2.519164E-01	2.517817E-01	2.516032E-01	2.514278E-01	2.512982E-01	2.514806E-01	2.513164E-01	2.510512E-01	2.509061E-01	2.505855E-01	2.505807E-01	2.503161E-01	2.502255E-01	2.499384E-01	2.497922E-01	2.494116E-01	2.490053E-01	2.485155E-01	2.479647E-01	2.464320E-01	2.436108E-01	2.383314E-01	2.270081E-01	2.073122E-01	1.745384E-01	

2.503480E-01	2.479553E-01	2.448161E-01	2.441374E-01	2.438884E-01	2.451052E-01	2.462328E-01	2.474765E-01	2.485695E-01	2.497837E-01	2.501123E-01	2.503553E-01	2.504802E-01	2.506971E-01	2.506180E-01	2.505590E-01	2.504775E-01	2.503608E-01	2.506426E-01	2.504846E-01	2.503438E-01	2.501884E-01	2.500778E-01	2.500597E-01	2.503357E-01	2.501349E-01	2.499861E-01	2.499482E-01	2.497936E-01	2.497229E-01	2.495787E-01	2.497143E-01	2.495308E-01	2.494009E-01	2.492088E-01	2.491312E-01	2.493637E-01	2.491993E-01	2.490605E-01	2.488745E-01	2.486940E-01	2.485600E-01	2.487358E-01	2.485692E-01	2.482999E-01	2.481515E-01	2.478290E-01	2.478187E-01	2.475532E-01	2.474597E-01	2.471740E-01	2.470283E-01	2.466515E-01	2.462495E-01	2.457653E-01	2.452207E-01	2.437054E-01	2.409161E-01	2.356965E-01	2.245002E-01	2.050240E-01	1.726141E-01	

2.487486E-01	2.467708E-01	2.442073E-01	2.438820E-01	2.440216E-01	2.453159E-01	2.464074E-01	2.476134E-01	2.486572E-01	2.499024E-01	2.502973E-01	2.506158E-01	2.508131E-01	2.510835E-01	2.510520E-01	2.510325E-01	2.509822E-01	2.508874E-01	2.511857E-01	2.510415E-01	2.509086E-01	2.507541E-01	2.506378E-01	2.506096E-01	2.508691E-01	2.506524E-01	2.504858E-01	2.504305E-01	2.502448E-01	2.501442E-01	2.499618E-01	2.500522E-01	2.498276E-01	2.496601E-01	2.494343E-01	2.493229E-01	2.495240E-01	2.493315E-01	2.491664E-01	2.489333E-01	2.487116E-01	2.485409E-01	2.486829E-01	2.484857E-01	2.481633E-01	2.479703E-01	2.475921E-01	2.475076E-01	2.471853E-01	2.470069E-01	2.466616E-01	2.464694E-01	2.460568E-01	2.456261E-01	2.451183E-01	2.445541E-01	2.430094E-01	2.401919E-01	2.349485E-01	2.237450E-01	2.042972E-01	1.719722E-01	

2.439124E-01	2.423419E-01	2.403053E-01	2.402371E-01	2.405409E-01	2.417082E-01	2.425976E-01	2.436236E-01	2.444184E-01	2.455391E-01	2.458950E-01	2.462067E-01	2.464124E-01	2.466818E-01	2.466587E-01	2.466449E-01	2.465983E-01	2.465024E-01	2.467885E-01	2.466413E-01	2.465021E-01	2.463221E-01	2.461781E-01	2.461193E-01	2.463384E-01	2.460946E-01	2.458997E-01	2.458152E-01	2.455857E-01	2.454426E-01	2.452092E-01	2.452344E-01	2.449583E-01	2.447439E-01	2.444778E-01	2.443248E-01	2.444812E-01	2.442567E-01	2.440617E-01	2.437739E-01	2.435051E-01	2.432922E-01	2.433894E-01	2.431590E-01	2.427787E-01	2.425357E-01	2.420987E-01	2.419282E-01	2.415462E-01	2.412740E-01	2.408683E-01	2.406285E-01	2.401850E-01	2.397318E-01	2.392091E-01	2.386356E-01	2.370920E-01	2.343042E-01	2.291473E-01	2.181752E-01	1.991726E-01	1.676274E-01	

2.280836E-01	2.269213E-01	2.253285E-01	2.253028E-01	2.252641E-01	2.258205E-01	2.261104E-01	2.265914E-01	2.266005E-01	2.271254E-01	2.270970E-01	2.271148E-01	2.270953E-01	2.271647E-01	2.269989E-01	2.268606E-01	2.267108E-01	2.265236E-01	2.266927E-01	2.264771E-01	2.262757E-01	2.259731E-01	2.257228E-01	2.255628E-01	2.256646E-01	2.253573E-01	2.251014E-01	2.249524E-01	2.246448E-01	2.244262E-01	2.241108E-01	2.240215E-01	2.236747E-01	2.233973E-01	2.230828E-01	2.228771E-01	2.229596E-01	2.227024E-01	2.224767E-01	2.221310E-01	2.218152E-01	2.215601E-01	2.215937E-01	2.213364E-01	2.209097E-01	2.206225E-01	2.201456E-01	2.198901E-01	2.194690E-01	2.191177E-01	2.186789E-01	2.184089E-01	2.179664E-01	2.175232E-01	2.170228E-01	2.164808E-01	2.150462E-01	2.124816E-01	2.077667E-01	1.977780E-01	1.805182E-01	1.519011E-01	

1.887916E-01	1.878159E-01	1.862364E-01	1.857055E-01	1.842818E-01	1.833599E-01	1.823839E-01	1.817470E-01	1.802055E-01	1.795084E-01	1.786884E-01	1.780824E-01	1.775751E-01	1.772086E-01	1.767349E-01	1.763258E-01	1.759512E-01	1.755692E-01	1.754762E-01	1.751167E-01	1.747868E-01	1.742327E-01	1.737652E-01	1.733964E-01	1.732472E-01	1.728185E-01	1.724453E-01	1.721674E-01	1.717118E-01	1.713469E-01	1.708763E-01	1.705553E-01	1.700789E-01	1.696838E-01	1.692835E-01	1.689796E-01	1.689072E-01	1.685946E-01	1.683165E-01	1.678680E-01	1.674698E-01	1.671394E-01	1.670408E-01	1.667402E-01	1.662377E-01	1.658728E-01	1.653357E-01	1.649176E-01	1.644362E-01	1.639402E-01	1.634551E-01	1.631377E-01	1.627187E-01	1.623175E-01	1.618865E-01	1.614344E-01	1.602894E-01	1.582988E-01	1.547023E-01	1.471768E-01	1.342591E-01	1.129180E-01	

9.525869E-02	9.396600E-02	9.171106E-02	9.002542E-02	8.647238E-02	8.371010E-02	8.136505E-02	7.950454E-02	7.645754E-02	7.440578E-02	7.276902E-02	7.147960E-02	7.042465E-02	6.954143E-02	6.873831E-02	6.803346E-02	6.741270E-02	6.683149E-02	6.638217E-02	6.588810E-02	6.543987E-02	6.464027E-02	6.395725E-02	6.336549E-02	6.288993E-02	6.237608E-02	6.191369E-02	6.151112E-02	6.094272E-02	6.044865E-02	5.985892E-02	5.928012E-02	5.872242E-02	5.824491E-02	5.780867E-02	5.743250E-02	5.715821E-02	5.683426E-02	5.654223E-02	5.604421E-02	5.561465E-02	5.524829E-02	5.498477E-02	5.468683E-02	5.418440E-02	5.378748E-02	5.327879E-02	5.272008E-02	5.225575E-02	5.166115E-02	5.121372E-02	5.089737E-02	5.060074E-02	5.034411E-02	5.010238E-02	4.987291E-02	4.937857E-02	4.861756E-02	4.735634E-02	4.488883E-02	4.081179E-02	3.421869E-02	

