5000.000864459346
8540.74325214437
14588.864546494278
24919.95865845986
42567.009760096546
72710.8076201014
124200.77825090723
212153.47153969563
362389.80238447635
619015.8846761441
1.0573715456674327e6
1.806148458002928e6
3.0851678239181526e6
5.269927236724247e6
9.001822482738571e6
1.537645670817783e7
2.626528365248741e7
4.486502569728719e7
7.66360777749019e7
1.3090600578660703e8
2.23607001213145e8
3.8195414099672216e8
6.524332631511832e8
1.1144534170781996e9
1.9036528162873192e9
3.2517232119575963e9
5.554428705022824e9
9.487793464625256e9
1.6206567697229235e10
2.7683237151415817e10
4.728710196376439e10
8.077342977994499e10
1.3797307695902454e11
2.35678613838773e11
4.0257337354826025e11
6.87655423343422e11
1.174618125102935e12
2.0064231197538076e12
3.4272702331490215e12
5.854289225131452e12