4.673802E-02	4.573676E-02	4.383845E-02	4.217426E-02	3.872527E-02	3.611712E-02	3.404576E-02	3.237398E-02	2.975345E-02	2.781655E-02	2.629406E-02	2.507047E-02	2.405812E-02	2.321416E-02	2.248561E-02	2.184995E-02	2.129431E-02	2.080372E-02	2.038039E-02	1.998415E-02	1.962374E-02	1.900170E-02	1.847967E-02	1.803369E-02	1.766369E-02	1.732347E-02	1.702310E-02	1.675939E-02	1.640988E-02	1.611407E-02	1.577536E-02	1.543657E-02	1.514502E-02	1.489735E-02	1.468597E-02	1.450539E-02	1.435707E-02	1.421338E-02	1.408233E-02	1.386300E-02	1.367896E-02	1.352342E-02	1.339970E-02	1.327946E-02	1.307901E-02	1.291467E-02	1.271740E-02	1.248640E-02	1.230297E-02	1.205902E-02	1.188319E-02	1.175388E-02	1.164394E-02	1.155079E-02	1.146767E-02	1.138737E-02	1.123603E-02	1.101940E-02	1.067831E-02	1.004599E-02	9.038531E-03	7.469362E-03	

4.567223E-02	4.466034E-02	4.276092E-02	4.110769E-02	3.770457E-02	3.514393E-02	3.311596E-02	3.148227E-02	2.892695E-02	2.704240E-02	2.556320E-02	2.437619E-02	2.339524E-02	2.257844E-02	2.187376E-02	2.125939E-02	2.072276E-02	2.024926E-02	1.984133E-02	1.945935E-02	1.911195E-02	1.851293E-02	1.801063E-02	1.758189E-02	1.722668E-02	1.689987E-02	1.661145E-02	1.635851E-02	1.602323E-02	1.573970E-02	1.541513E-02	1.509098E-02	1.481179E-02	1.457471E-02	1.437241E-02	1.419969E-02	1.405811E-02	1.392059E-02	1.379509E-02	1.358519E-02	1.340902E-02	1.326009E-02	1.314190E-02	1.302662E-02	1.283439E-02	1.267662E-02	1.248709E-02	1.226520E-02	1.208845E-02	1.185325E-02	1.168322E-02	1.155800E-02	1.145129E-02	1.136072E-02	1.127979E-02	1.120146E-02	1.105356E-02	1.084138E-02	1.050671E-02	9.885393E-03	8.894622E-03	7.350777E-03	

4.479801E-02	4.376352E-02	4.184437E-02	4.018872E-02	3.680898E-02	3.428160E-02	3.228692E-02	3.068370E-02	2.818265E-02	2.634291E-02	2.490134E-02	2.374650E-02	2.279343E-02	2.200089E-02	2.131761E-02	2.072241E-02	2.020295E-02	1.974493E-02	1.935099E-02	1.898196E-02	1.864641E-02	1.806841E-02	1.758416E-02	1.717121E-02	1.682956E-02	1.651505E-02	1.623761E-02	1.599457E-02	1.567237E-02	1.540014E-02	1.508858E-02	1.477790E-02	1.451009E-02	1.428274E-02	1.408879E-02	1.392330E-02	1.378793E-02	1.365607E-02	1.353567E-02	1.333442E-02	1.316547E-02	1.302261E-02	1.290949E-02	1.279876E-02	1.261406E-02	1.246231E-02	1.227988E-02	1.206634E-02	1.189572E-02	1.166853E-02	1.150381E-02	1.138235E-02	1.127859E-02	1.119039E-02	1.111146E-02	1.103492E-02	1.089014E-02	1.068199E-02	1.035310E-02	9.741662E-03	8.765843E-03	7.244661E-03	

4.391551E-02	4.286647E-02	4.093854E-02	3.928729E-02	3.593962E-02	3.344926E-02	3.148968E-02	2.991784E-02	2.747160E-02	2.567659E-02	2.427235E-02	2.314930E-02	2.222369E-02	2.145503E-02	2.079277E-02	2.021637E-02	1.971374E-02	1.927086E-02	1.889063E-02	1.853427E-02	1.821028E-02	1.765280E-02	1.718614E-02	1.678856E-02	1.646012E-02	1.615758E-02	1.589080E-02	1.565737E-02	1.534785E-02	1.508656E-02	1.478758E-02	1.448992E-02	1.423308E-02	1.401511E-02	1.382919E-02	1.367065E-02	1.354125E-02	1.341483E-02	1.329932E-02	1.310636E-02	1.294430E-02	1.280724E-02	1.269899E-02	1.259259E-02	1.241508E-02	1.226905E-02	1.209337E-02	1.188777E-02	1.172296E-02	1.150337E-02	1.134368E-02	1.122577E-02	1.112479E-02	1.103880E-02	1.096174E-02	1.088687E-02	1.074497E-02	1.054051E-02	1.021687E-02	9.614284E-03	8.651790E-03	7.150727E-03	

4.302278E-02	4.196665E-02	4.004017E-02	3.839982E-02	3.509282E-02	3.264335E-02	3.072085E-02	2.918149E-02	2.679095E-02	2.504088E-02	2.367389E-02	2.258242E-02	2.168401E-02	2.093898E-02	2.029746E-02	1.973961E-02	1.925355E-02	1.882558E-02	1.845884E-02	1.811491E-02	1.780227E-02	1.726490E-02	1.681546E-02	1.643291E-02	1.611738E-02	1.582652E-02	1.557012E-02	1.534605E-02	1.504885E-02	1.479819E-02	1.451141E-02	1.422638E-02	1.398015E-02	1.377124E-02	1.359306E-02	1.344121E-02	1.331757E-02	1.319637E-02	1.308555E-02	1.290054E-02	1.274510E-02	1.261358E-02	1.251000E-02	1.240773E-02	1.223707E-02	1.209650E-02	1.192724E-02	1.172921E-02	1.156990E-02	1.135754E-02	1.120261E-02	1.108806E-02	1.098972E-02	1.090582E-02	1.083053E-02	1.075721E-02	1.061800E-02	1.041694E-02	1.009804E-02	9.503343E-03	8.552580E-03	7.069105E-03	

4.213865E-02	4.108075E-02	3.916274E-02	3.753749E-02	3.427610E-02	3.186931E-02	2.998456E-02	2.847788E-02	2.614280E-02	2.443724E-02	2.310701E-02	2.204665E-02	2.117500E-02	2.045319E-02	1.983205E-02	1.929240E-02	1.882258E-02	1.840922E-02	1.805572E-02	1.772396E-02	1.742241E-02	1.690470E-02	1.647208E-02	1.610420E-02	1.580129E-02	1.552178E-02	1.527549E-02	1.506053E-02	1.477530E-02	1.453496E-02	1.426001E-02	1.398722E-02	1.375124E-02	1.355108E-02	1.338036E-02	1.323497E-02	1.311690E-02	1.300072E-02	1.289440E-02	1.271702E-02	1.256792E-02	1.244172E-02	1.234262E-02	1.224430E-02	1.208017E-02	1.194481E-02	1.178167E-02	1.159086E-02	1.143681E-02	1.123135E-02	1.108096E-02	1.096963E-02	1.087379E-02	1.079188E-02	1.071825E-02	1.064639E-02	1.050966E-02	1.031169E-02	9.997028E-03	9.409236E-03	8.468573E-03	7.000093E-03	

4.127693E-02	4.022119E-02	3.831657E-02	3.670919E-02	3.349616E-02	3.113262E-02	2.928549E-02	2.781113E-02	2.553055E-02	2.386859E-02	2.257431E-02	2.154434E-02	2.069881E-02	1.999969E-02	1.939842E-02	1.887651E-02	1.842253E-02	1.802340E-02	1.768282E-02	1.736290E-02	1.707214E-02	1.657354E-02	1.615726E-02	1.580363E-02	1.551298E-02	1.524449E-02	1.500799E-02	1.480184E-02	1.452820E-02	1.429783E-02	1.403431E-02	1.377335E-02	1.354725E-02	1.335550E-02	1.319195E-02	1.305275E-02	1.294005E-02	1.282867E-02	1.272666E-02	1.255657E-02	1.241351E-02	1.229238E-02	1.219755E-02	1.210299E-02	1.194507E-02	1.181463E-02	1.165728E-02	1.147332E-02	1.132421E-02	1.112527E-02	1.097915E-02	1.087085E-02	1.077736E-02	1.069729E-02	1.062521E-02	1.055470E-02	1.042023E-02	1.022504E-02	9.914094E-03	9.332185E-03	8.399953E-03	6.943831E-03	

4.046108E-02	3.940844E-02	3.751796E-02	3.592845E-02	3.276257E-02	3.044074E-02	2.862980E-02	2.718653E-02	2.495837E-02	2.333846E-02	2.207886E-02	2.107826E-02	2.025797E-02	1.958081E-02	1.899878E-02	1.849405E-02	1.805539E-02	1.767003E-02	1.734197E-02	1.703350E-02	1.675317E-02	1.627305E-02	1.587257E-02	1.553270E-02	1.525388E-02	1.499602E-02	1.476895E-02	1.457130E-02	1.430879E-02	1.408802E-02	1.383547E-02	1.358586E-02	1.336921E-02	1.318550E-02	1.302881E-02	1.289552E-02	1.278796E-02	1.268114E-02	1.258323E-02	1.242007E-02	1.228276E-02	1.216643E-02	1.207569E-02	1.198467E-02	1.183263E-02	1.170686E-02	1.155498E-02	1.137753E-02	1.123310E-02	1.104035E-02	1.089828E-02	1.079285E-02	1.070156E-02	1.062322E-02	1.055258E-02	1.048330E-02	1.035088E-02	1.015812E-02	9.850333E-03	9.273224E-03	8.347652E-03	6.901087E-03	

3.967015E-02	3.862317E-02	3.674991E-02	3.517979E-02	3.206209E-02	2.978177E-02	2.800656E-02	2.659388E-02	2.441719E-02	2.283859E-02	2.161307E-02	2.064132E-02	1.984585E-02	1.919029E-02	1.862716E-02	1.813931E-02	1.771571E-02	1.734388E-02	1.702813E-02	1.673090E-02	1.646079E-02	1.599877E-02	1.561376E-02	1.528734E-02	1.502012E-02	1.477261E-02	1.455474E-02	1.436536E-02	1.411369E-02	1.390224E-02	1.366034E-02	1.342176E-02	1.321425E-02	1.303832E-02	1.288823E-02	1.276065E-02	1.265805E-02	1.255563E-02	1.246164E-02	1.230514E-02	1.217334E-02	1.206162E-02	1.197481E-02	1.188718E-02	1.174074E-02	1.161942E-02	1.147275E-02	1.130149E-02	1.116151E-02	1.097462E-02	1.083636E-02	1.073362E-02	1.064438E-02	1.056765E-02	1.049832E-02	1.043017E-02	1.029958E-02	1.010892E-02	9.803770E-03	9.230464E-03	8.309943E-03	6.870415E-03	

3.893437E-02	3.789252E-02	3.603544E-02	3.448337E-02	3.141082E-02	2.916952E-02	2.742809E-02	2.604450E-02	2.391692E-02	2.237798E-02	2.118528E-02	2.024138E-02	1.946991E-02	1.883527E-02	1.829046E-02	1.781897E-02	1.740997E-02	1.705123E-02	1.674746E-02	1.646111E-02	1.620089E-02	1.575639E-02	1.538635E-02	1.507294E-02	1.481694E-02	1.457942E-02	1.437040E-02	1.418901E-02	1.394775E-02	1.374526E-02	1.351357E-02	1.328557E-02	1.308680E-02	1.291828E-02	1.277449E-02	1.265234E-02	1.255448E-02	1.245624E-02	1.236597E-02	1.221578E-02	1.208919E-02	1.198181E-02	1.189873E-02	1.181430E-02	1.167314E-02	1.155600E-02	1.141423E-02	1.124884E-02	1.111302E-02	1.093167E-02	1.079701E-02	1.069681E-02	1.060948E-02	1.053423E-02	1.046612E-02	1.039897E-02	1.026998E-02	1.008108E-02	9.777984E-03	9.207333E-03	8.289967E-03	6.854455E-03	

3.839474E-02	3.734356E-02	3.548101E-02	3.393160E-02	3.087946E-02	2.866216E-02	2.694433E-02	2.558238E-02	2.349360E-02	2.198755E-02	2.082275E-02	1.990299E-02	1.915259E-02	1.853651E-02	1.800804E-02	1.755121E-02	1.715533E-02	1.680842E-02	1.651552E-02	1.623903E-02	1.598778E-02	1.555921E-02	1.520280E-02	1.490125E-02	1.465548E-02	1.442707E-02	1.422611E-02	1.405199E-02	1.382020E-02	1.362585E-02	1.340342E-02	1.318502E-02	1.299413E-02	1.283229E-02	1.269417E-02	1.257689E-02	1.248332E-02	1.238880E-02	1.230185E-02	1.215727E-02	1.203532E-02	1.193181E-02	1.185207E-02	1.177047E-02	1.163399E-02	1.152054E-02	1.138311E-02	1.122291E-02	1.109079E-02	1.091435E-02	1.078285E-02	1.068489E-02	1.059924E-02	1.052527E-02	1.045819E-02	1.039188E-02	1.026418E-02	1.007660E-02	9.774854E-03	9.205544E-03	8.289222E-03	6.854418E-03	

3.798950E-02	3.692162E-02	3.504170E-02	3.348612E-02	3.043923E-02	2.823638E-02	2.653548E-02	2.519029E-02	2.313350E-02	2.165588E-02	2.051570E-02	1.961762E-02	1.888636E-02	1.828729E-02	1.777383E-02	1.733053E-02	1.694680E-02	1.661085E-02	1.632809E-02	1.606077E-02	1.581788E-02	1.540415E-02	1.506045E-02	1.476995E-02	1.453375E-02	1.431380E-02	1.412033E-02	1.395299E-02	1.372998E-02	1.354318E-02	1.332931E-02	1.311979E-02	1.293615E-02	1.278044E-02	1.264749E-02	1.253466E-02	1.244502E-02	1.235388E-02	1.226993E-02	1.213044E-02	1.201266E-02	1.191262E-02	1.183591E-02	1.175682E-02	1.162450E-02	1.151432E-02	1.138072E-02	1.122514E-02	1.109624E-02	1.092411E-02	1.079534E-02	1.069932E-02	1.061508E-02	1.054217E-02	1.047594E-02	1.041029E-02	1.028354E-02	1.009680E-02	9.795656E-03	9.226294E-03	8.308783E-03	6.871189E-03	

3.757838E-02	3.649995E-02	3.461085E-02	3.305418E-02	3.001917E-02	2.783405E-02	2.615201E-02	2.482494E-02	2.280185E-02	2.135379E-02	2.023903E-02	1.936324E-02	1.865157E-02	1.806990E-02	1.757173E-02	1.714219E-02	1.677079E-02	1.644596E-02	1.617350E-02	1.591543E-02	1.568095E-02	1.528215E-02	1.495120E-02	1.467177E-02	1.444516E-02	1.423365E-02	1.404764E-02	1.388702E-02	1.367272E-02	1.349337E-02	1.328794E-02	1.308719E-02	1.291065E-02	1.276093E-02	1.263303E-02	1.252454E-02	1.243875E-02	1.235087E-02	1.226981E-02	1.213521E-02	1.202143E-02	1.192472E-02	1.185092E-02	1.177421E-02	1.164581E-02	1.153869E-02	1.140864E-02	1.125733E-02	1.113135E-02	1.096309E-02	1.083670E-02	1.074233E-02	1.065927E-02	1.058722E-02	1.052163E-02	1.045646E-02	1.033030E-02	1.014388E-02	9.842520E-03	9.271577E-03	8.350428E-03	6.906221E-03	

3.719840E-02	3.611167E-02	3.421600E-02	3.265952E-02	2.963732E-02	2.747003E-02	2.580681E-02	2.449785E-02	2.250844E-02	2.109009E-02	2.000088E-02	1.914752E-02	1.845556E-02	1.789142E-02	1.740862E-02	1.699290E-02	1.663387E-02	1.632018E-02	1.605807E-02	1.580925E-02	1.558315E-02	1.519923E-02	1.488095E-02	1.461249E-02	1.439540E-02	1.419220E-02	1.401351E-02	1.385951E-02	1.365371E-02	1.348165E-02	1.328444E-02	1.309222E-02	1.292253E-02	1.277857E-02	1.265551E-02	1.255118E-02	1.246910E-02	1.238432E-02	1.230599E-02	1.217601E-02	1.206599E-02	1.197239E-02	1.190133E-02	1.182683E-02	1.170202E-02	1.159769E-02	1.147084E-02	1.132338E-02	1.119993E-02	1.103496E-02	1.091051E-02	1.081744E-02	1.073523E-02	1.066376E-02	1.059859E-02	1.053365E-02	1.040764E-02	1.022093E-02	9.918385E-03	9.344109E-03	8.416565E-03	6.961469E-03	

3.688721E-02	3.579039E-02	3.388491E-02	3.232591E-02	2.931147E-02	2.715880E-02	2.551228E-02	2.422006E-02	2.226261E-02	2.087312E-02	1.980896E-02	1.897771E-02	1.830527E-02	1.775855E-02	1.729099E-02	1.688899E-02	1.654224E-02	1.623959E-02	1.598778E-02	1.574811E-02	1.553029E-02	1.516104E-02	1.485524E-02	1.459756E-02	1.438985E-02	1.419476E-02	1.402322E-02	1.387566E-02	1.367812E-02	1.351312E-02	1.332384E-02	1.313987E-02	1.297673E-02	1.283827E-02	1.271981E-02	1.261942E-02	1.254090E-02	1.245903E-02	1.238326E-02	1.225759E-02	1.215106E-02	1.206033E-02	1.199184E-02	1.191933E-02	1.179775E-02	1.169588E-02	1.157183E-02	1.142766E-02	1.130626E-02	1.114386E-02	1.102073E-02	1.092849E-02	1.084671E-02	1.077546E-02	1.071037E-02	1.064536E-02	1.051893E-02	1.033115E-02	1.002626E-02	9.446622E-03	8.509564E-03	7.038828E-03	

3.665102E-02	3.554152E-02	3.362195E-02	3.205708E-02	2.904463E-02	2.690321E-02	2.527135E-02	2.399461E-02	2.206769E-02	2.070656E-02	1.966718E-02	1.885800E-02	1.820505E-02	1.767581E-02	1.722353E-02	1.683526E-02	1.650078E-02	1.620916E-02	1.596770E-02	1.573714E-02	1.552755E-02	1.517284E-02	1.487940E-02	1.463234E-02	1.443389E-02	1.424675E-02	1.408218E-02	1.394090E-02	1.375135E-02	1.359316E-02	1.341150E-02	1.323546E-02	1.307854E-02	1.294526E-02	1.283112E-02	1.273443E-02	1.265926E-02	1.258007E-02	1.250663E-02	1.238490E-02	1.228153E-02	1.219337E-02	1.212720E-02	1.205643E-02	1.193763E-02	1.183781E-02	1.171602E-02	1.157446E-02	1.145451E-02	1.129376E-02	1.117124E-02	1.107925E-02	1.099742E-02	1.092596E-02	1.086059E-02	1.079515E-02	1.066766E-02	1.047792E-02	1.016939E-02	9.582121E-03	8.632095E-03	7.140477E-03	

3.650320E-02	3.537704E-02	3.343708E-02	3.186167E-02	2.884352E-02	2.670909E-02	2.508936E-02	2.382664E-02	2.192875E-02	2.059550E-02	1.958077E-02	1.879371E-02	1.816036E-02	1.764874E-02	1.721183E-02	1.683737E-02	1.651522E-02	1.623467E-02	1.600362E-02	1.578214E-02	1.558075E-02	1.524048E-02	1.495927E-02	1.472268E-02	1.453337E-02	1.435396E-02	1.419615E-02	1.406098E-02	1.387910E-02	1.372744E-02	1.355301E-02	1.338452E-02	1.323339E-02	1.310493E-02	1.299476E-02	1.290145E-02	1.282938E-02	1.275259E-02	1.268122E-02	1.256296E-02	1.246233E-02	1.237637E-02	1.231221E-02	1.224285E-02	1.212623E-02	1.202796E-02	1.190778E-02	1.176798E-02	1.164873E-02	1.148854E-02	1.136579E-02	1.127340E-02	1.119097E-02	1.111883E-02	1.105275E-02	1.098650E-02	1.085725E-02	1.066461E-02	1.035104E-02	9.753720E-03	8.787000E-03	7.268807E-03	

3.643528E-02	3.528878E-02	3.332272E-02	3.173265E-02	2.870233E-02	2.657160E-02	2.496226E-02	2.371271E-02	2.184319E-02	2.053796E-02	1.954809E-02	1.878344E-02	1.816997E-02	1.767624E-02	1.725488E-02	1.689437E-02	1.658465E-02	1.631522E-02	1.609469E-02	1.588230E-02	1.568909E-02	1.536321E-02	1.509413E-02	1.486787E-02	1.468760E-02	1.451574E-02	1.436453E-02	1.423528E-02	1.406081E-02	1.391542E-02	1.374791E-02	1.358663E-02	1.344095E-02	1.331698E-02	1.321049E-02	1.312032E-02	1.305117E-02	1.297655E-02	1.290705E-02	1.279190E-02	1.269371E-02	1.260970E-02	1.254737E-02	1.247920E-02	1.236443E-02	1.226741E-02	1.214847E-02	1.201002E-02	1.189111E-02	1.173104E-02	1.160773E-02	1.151471E-02	1.143148E-02	1.135848E-02	1.129153E-02	1.122429E-02	1.109288E-02	1.089671E-02	1.057696E-02	9.967217E-03	8.979797E-03	7.428589E-03	

3.639686E-02	3.523000E-02	3.323766E-02	3.163290E-02	2.859064E-02	2.646437E-02	2.486634E-02	2.363096E-02	2.179144E-02	2.051560E-02	1.955158E-02	1.881012E-02	1.821707E-02	1.774169E-02	1.733618E-02	1.698984E-02	1.669272E-02	1.643450E-02	1.622459E-02	1.602131E-02	1.583627E-02	1.552471E-02	1.526766E-02	1.505160E-02	1.488025E-02	1.471577E-02	1.457096E-02	1.444747E-02	1.428016E-02	1.414079E-02	1.397988E-02	1.382552E-02	1.368496E-02	1.356521E-02	1.346216E-02	1.337491E-02	1.330855E-02	1.323593E-02	1.316812E-02	1.305584E-02	1.295988E-02	1.287764E-02	1.281705E-02	1.274997E-02	1.263686E-02	1.254097E-02	1.242315E-02	1.228600E-02	1.216741E-02	1.200749E-02	1.188365E-02	1.179004E-02	1.170599E-02	1.163212E-02	1.156425E-02	1.149595E-02	1.136221E-02	1.116212E-02	1.083543E-02	1.021161E-02	9.200593E-03	7.611660E-03	

3.638327E-02	3.519638E-02	3.317815E-02	3.155913E-02	2.850602E-02	2.638559E-02	2.480025E-02	2.358033E-02	2.177291E-02	2.052810E-02	1.959110E-02	1.887370E-02	1.830170E-02	1.784516E-02	1.745582E-02	1.712387E-02	1.683948E-02	1.659257E-02	1.639336E-02	1.619918E-02	1.602229E-02	1.572491E-02	1.547974E-02	1.527366E-02	1.511108E-02	1.495375E-02	1.481513E-02	1.469719E-02	1.453672E-02	1.440308E-02	1.424843E-02	1.410063E-02	1.396485E-02	1.384900E-02	1.374912E-02	1.366457E-02	1.360083E-02	1.353001E-02	1.346373E-02	1.335402E-02	1.326005E-02	1.317940E-02	1.312041E-02	1.305426E-02	1.294256E-02	1.284758E-02	1.273062E-02	1.259447E-02	1.247590E-02	1.231578E-02	1.219114E-02	1.209676E-02	1.201174E-02	1.193687E-02	1.186798E-02	1.179849E-02	1.166216E-02	1.145776E-02	1.112343E-02	1.048402E-02	9.446839E-03	7.815962E-03	

3.639791E-02	3.519116E-02	3.314725E-02	3.151430E-02	2.845137E-02	2.633822E-02	2.476699E-02	2.356395E-02	2.179082E-02	2.057878E-02	1.967002E-02	1.897762E-02	1.842731E-02	1.799011E-02	1.761728E-02	1.729993E-02	1.702842E-02	1.679289E-02	1.660446E-02	1.641935E-02	1.625057E-02	1.596723E-02	1.573376E-02	1.553746E-02	1.538347E-02	1.523303E-02	1.510037E-02	1.498775E-02	1.483380E-02	1.470560E-02	1.455684E-02	1.441524E-02	1.428388E-02	1.417164E-02	1.407468E-02	1.399260E-02	1.393133E-02	1.386213E-02	1.379721E-02	1.368982E-02	1.359763E-02	1.351840E-02	1.346089E-02	1.339553E-02	1.328501E-02	1.319075E-02	1.307442E-02	1.293903E-02	1.282024E-02	1.265961E-02	1.253394E-02	1.243863E-02	1.235249E-02	1.227648E-02	1.220645E-02	1.213565E-02	1.199645E-02	1.178728E-02	1.144447E-02	1.078778E-02	9.721503E-03	8.043927E-03	

3.644113E-02	3.521471E-02	3.314536E-02	3.149893E-02	2.842754E-02	2.632343E-02	2.476804E-02	2.358350E-02	2.184718E-02	2.066986E-02	1.979069E-02	1.912429E-02	1.859638E-02	1.817905E-02	1.782307E-02	1.752056E-02	1.726209E-02	1.703800E-02	1.686043E-02	1.668437E-02	1.652365E-02	1.625420E-02	1.603224E-02	1.584547E-02	1.569989E-02	1.555608E-02	1.542914E-02	1.532162E-02	1.517383E-02	1.505077E-02	1.490753E-02	1.477179E-02	1.464450E-02	1.453556E-02	1.444125E-02	1.436144E-02	1.430249E-02	1.423473E-02	1.417102E-02	1.406567E-02	1.397506E-02	1.389708E-02	1.384094E-02	1.377624E-02	1.366669E-02	1.357297E-02	1.345708E-02	1.332223E-02	1.320304E-02	1.304171E-02	1.291485E-02	1.281850E-02	1.273112E-02	1.265389E-02	1.258261E-02	1.251038E-02	1.236805E-02	1.215365E-02	1.180151E-02	1.112572E-02	1.002720E-02	8.297756E-03	

3.651716E-02	3.527081E-02	3.317574E-02	3.151600E-02	2.843726E-02	2.634396E-02	2.480617E-02	2.364180E-02	2.194488E-02	2.080426E-02	1.995603E-02	1.931663E-02	1.881179E-02	1.841482E-02	1.807602E-02	1.778852E-02	1.754320E-02	1.733059E-02	1.716393E-02	1.699685E-02	1.684411E-02	1.658832E-02	1.637762E-02	1.620012E-02	1.606273E-02	1.592526E-02	1.580376E-02	1.570108E-02	1.555910E-02	1.544085E-02	1.530273E-02	1.517249E-02	1.504890E-02	1.494295E-02	1.485104E-02	1.477329E-02	1.471651E-02	1.465002E-02	1.458735E-02	1.448382E-02	1.439458E-02	1.431768E-02	1.426282E-02	1.419865E-02	1.408985E-02	1.399649E-02	1.388081E-02	1.374630E-02	1.362650E-02	1.346423E-02	1.333602E-02	1.323853E-02	1.314980E-02	1.307123E-02	1.299862E-02	1.292482E-02	1.277910E-02	1.255899E-02	1.219662E-02	1.149980E-02	1.036569E-02	8.578925E-03	

3.662314E-02	3.535698E-02	3.323645E-02	3.156405E-02	2.847995E-02	2.639984E-02	2.488184E-02	2.373966E-02	2.208517E-02	2.098348E-02	2.016771E-02	1.955640E-02	1.907538E-02	1.869931E-02	1.837801E-02	1.810574E-02	1.787369E-02	1.767260E-02	1.751690E-02	1.735873E-02	1.721389E-02	1.697154E-02	1.677186E-02	1.660333E-02	1.647393E-02	1.634249E-02	1.622616E-02	1.612807E-02	1.599155E-02	1.587778E-02	1.574440E-02	1.561931E-02	1.549908E-02	1.539585E-02	1.530609E-02	1.523021E-02	1.517547E-02	1.511009E-02	1.504832E-02	1.494636E-02	1.485829E-02	1.478231E-02	1.472862E-02	1.466483E-02	1.455651E-02	1.446328E-02	1.434752E-02	1.421304E-02	1.409234E-02	1.392882E-02	1.379904E-02	1.370027E-02	1.361008E-02	1.353007E-02	1.345602E-02	1.338055E-02	1.323118E-02	1.300488E-02	1.263139E-02	1.191159E-02	1.073847E-02	8.888722E-03	

3.676056E-02	3.547456E-02	3.332877E-02	3.164438E-02	2.855714E-02	2.649287E-02	2.499710E-02	2.387926E-02	2.227042E-02	2.120998E-02	2.042819E-02	1.984606E-02	1.938955E-02	1.903490E-02	1.873140E-02	1.847451E-02	1.825580E-02	1.806623E-02	1.792152E-02	1.777216E-02	1.763510E-02	1.740589E-02	1.721692E-02	1.705703E-02	1.693538E-02	1.680964E-02	1.669817E-02	1.660440E-02	1.647294E-02	1.636332E-02	1.623430E-02	1.611401E-02	1.599680E-02	1.589600E-02	1.580818E-02	1.573399E-02	1.568116E-02	1.561675E-02	1.555576E-02	1.545516E-02	1.536808E-02	1.529286E-02	1.524026E-02	1.517671E-02	1.506860E-02	1.497527E-02	1.485913E-02	1.472435E-02	1.460246E-02	1.443735E-02	1.430579E-02	1.420563E-02	1.411386E-02	1.403231E-02	1.395673E-02	1.387948E-02	1.372617E-02	1.349320E-02	1.310767E-02	1.236285E-02	1.114714E-02	9.228479E-03	

3.692991E-02	3.562410E-02	3.345337E-02	3.175787E-02	2.867018E-02	2.662477E-02	2.515390E-02	2.406275E-02	2.250296E-02	2.148619E-02	2.073991E-02	2.018804E-02	1.975671E-02	1.942393E-02	1.913847E-02	1.889706E-02	1.869171E-02	1.851360E-02	1.837984E-02	1.823915E-02	1.810970E-02	1.789327E-02	1.771463E-02	1.756300E-02	1.744882E-02	1.732839E-02	1.722146E-02	1.713171E-02	1.700489E-02	1.689907E-02	1.677399E-02	1.665817E-02	1.654363E-02	1.644499E-02	1.635891E-02	1.628626E-02	1.623521E-02	1.617165E-02	1.611131E-02	1.601190E-02	1.592566E-02	1.585108E-02	1.579949E-02	1.573606E-02	1.562796E-02	1.553432E-02	1.541756E-02	1.528224E-02	1.515891E-02	1.499198E-02	1.485847E-02	1.475683E-02	1.466337E-02	1.458020E-02	1.450301E-02	1.442386E-02	1.426636E-02	1.402624E-02	1.362771E-02	1.285575E-02	1.159368E-02	9.599879E-03	

3.712745E-02	3.580234E-02	3.360779E-02	3.190270E-02	2.881838E-02	2.679562E-02	2.535285E-02	2.429111E-02	2.278420E-02	2.181371E-02	2.110460E-02	2.058409E-02	2.017862E-02	1.986815E-02	1.960096E-02	1.937511E-02	1.918312E-02	1.901638E-02	1.889354E-02	1.876132E-02	1.863930E-02	1.843524E-02	1.826654E-02	1.812276E-02	1.801577E-02	1.790029E-02	1.779757E-02	1.771154E-02	1.758898E-02	1.748663E-02	1.736512E-02	1.725346E-02	1.714130E-02	1.704461E-02	1.696008E-02	1.688885E-02	1.683954E-02	1.677674E-02	1.671698E-02	1.661864E-02	1.653317E-02	1.645917E-02	1.640862E-02	1.634526E-02	1.623708E-02	1.614305E-02	1.602558E-02	1.588968E-02	1.576484E-02	1.559606E-02	1.546058E-02	1.535745E-02	1.526226E-02	1.517742E-02	1.509855E-02	1.501740E-02	1.485545E-02	1.460763E-02	1.419505E-02	1.339362E-02	1.208108E-02	1.000537E-02	

3.735561E-02	3.601157E-02	3.379417E-02	3.208104E-02	2.900413E-02	2.700801E-02	2.559666E-02	2.456711E-02	2.311694E-02	2.219528E-02	2.152487E-02	2.103674E-02	2.065769E-02	2.036989E-02	2.012109E-02	1.991078E-02	1.973207E-02	1.957655E-02	1.946452E-02	1.934055E-02	1.922572E-02	1.903354E-02	1.887433E-02	1.873795E-02	1.863784E-02	1.852689E-02	1.842802E-02	1.834543E-02	1.822671E-02	1.812751E-02	1.800921E-02	1.790143E-02	1.779139E-02	1.769643E-02	1.761332E-02	1.754342E-02	1.749581E-02	1.743369E-02	1.737444E-02	1.727710E-02	1.719234E-02	1.711889E-02	1.706941E-02	1.700609E-02	1.689777E-02	1.680331E-02	1.668509E-02	1.654863E-02	1.642224E-02	1.625162E-02	1.611417E-02	1.600956E-02	1.591260E-02	1.582603E-02	1.574542E-02	1.566216E-02	1.549548E-02	1.523942E-02	1.481170E-02	1.397838E-02	1.261111E-02	1.044642E-02	

3.761283E-02	3.625045E-02	3.401166E-02	3.229251E-02	2.922793E-02	2.726305E-02	2.588686E-02	2.489252E-02	2.350321E-02	2.263302E-02	2.200287E-02	2.154809E-02	2.119597E-02	2.093111E-02	2.070077E-02	2.050592E-02	2.034035E-02	2.019584E-02	2.009448E-02	1.997847E-02	1.987056E-02	1.968971E-02	1.953947E-02	1.940998E-02	1.931643E-02	1.920958E-02	1.911420E-02	1.903473E-02	1.891945E-02	1.882308E-02	1.870765E-02	1.860348E-02	1.849530E-02	1.840190E-02	1.832006E-02	1.825139E-02	1.820546E-02	1.814393E-02	1.808511E-02	1.798865E-02	1.790450E-02	1.783152E-02	1.778310E-02	1.771975E-02	1.761119E-02	1.751620E-02	1.739713E-02	1.726013E-02	1.713215E-02	1.695980E-02	1.682043E-02	1.671442E-02	1.661572E-02	1.652742E-02	1.644505E-02	1.635961E-02	1.618798E-02	1.592320E-02	1.547929E-02	1.461166E-02	1.318531E-02	1.092439E-02	

3.789857E-02	3.651864E-02	3.426033E-02	3.253759E-02	2.949107E-02	2.756256E-02	2.622554E-02	2.526965E-02	2.394543E-02	2.312934E-02	2.254092E-02	2.212038E-02	2.179560E-02	2.155388E-02	2.134197E-02	2.116242E-02	2.100977E-02	2.087599E-02	2.078510E-02	2.067672E-02	2.057540E-02	2.040524E-02	2.026342E-02	2.014030E-02	2.005299E-02	1.994979E-02	1.985755E-02	1.978089E-02	1.966869E-02	1.957486E-02	1.946202E-02	1.936116E-02	1.925462E-02	1.916259E-02	1.908185E-02	1.901428E-02	1.896994E-02	1.890885E-02	1.885029E-02	1.875443E-02	1.867060E-02	1.859782E-02	1.855031E-02	1.848671E-02	1.837752E-02	1.828167E-02	1.816139E-02	1.802352E-02	1.789374E-02	1.771954E-02	1.757827E-02	1.747092E-02	1.737051E-02	1.728053E-02	1.719640E-02	1.710875E-02	1.693205E-02	1.665815E-02	1.619715E-02	1.529301E-02	1.380343E-02	1.143923E-02	

3.821398E-02	3.681740E-02	3.454169E-02	3.281811E-02	2.979596E-02	2.790930E-02	2.661568E-02	2.570151E-02	2.444662E-02	2.368713E-02	2.314174E-02	2.275614E-02	2.245894E-02	2.224038E-02	2.204675E-02	2.188220E-02	2.174214E-02	2.161872E-02	2.153805E-02	2.143689E-02	2.134176E-02	2.118159E-02	2.104754E-02	2.093024E-02	2.084881E-02	2.074882E-02	2.065935E-02	2.058523E-02	2.047576E-02	2.038424E-02	2.027376E-02	2.017603E-02	2.007099E-02	1.998022E-02	1.990051E-02	1.983397E-02	1.979121E-02	1.973048E-02	1.967210E-02	1.957667E-02	1.949300E-02	1.942026E-02	1.937361E-02	1.930962E-02	1.919956E-02	1.910264E-02	1.898093E-02	1.884207E-02	1.871038E-02	1.853437E-02	1.839125E-02	1.828268E-02	1.818062E-02	1.808898E-02	1.800312E-02	1.791323E-02	1.773128E-02	1.744784E-02	1.696877E-02	1.602569E-02	1.446841E-02	1.199334E-02	

3.857094E-02	3.715833E-02	3.486700E-02	3.314514E-02	3.015337E-02	2.831379E-02	2.706751E-02	2.619811E-02	2.501624E-02	2.431542E-02	2.381399E-02	2.346373E-02	2.319410E-02	2.299853E-02	2.282281E-02	2.267283E-02	2.254490E-02	2.243134E-02	2.236056E-02	2.226613E-02	2.217674E-02	2.202573E-02	2.189879E-02	2.178669E-02	2.171081E-02	2.161357E-02	2.152652E-02	2.145467E-02	2.134762E-02	2.125819E-02	2.114991E-02	2.105521E-02	2.095159E-02	2.086206E-02	2.078336E-02	2.071788E-02	2.067678E-02	2.061639E-02	2.055816E-02	2.046312E-02	2.037956E-02	2.030679E-02	2.026102E-02	2.019659E-02	2.008555E-02	1.998744E-02	1.986418E-02	1.972432E-02	1.959069E-02	1.941297E-02	1.926809E-02	1.915838E-02	1.905468E-02	1.896139E-02	1.887375E-02	1.878153E-02	1.859408E-02	1.830048E-02	1.780205E-02	1.681710E-02	1.518686E-02	1.259213E-02	

3.897121E-02	3.754342E-02	3.523870E-02	3.352157E-02	3.056695E-02	2.878008E-02	2.758530E-02	2.676376E-02	2.565860E-02	2.501836E-02	2.456165E-02	2.424696E-02	2.400471E-02	2.383183E-02	2.367358E-02	2.353760E-02	2.342127E-02	2.331703E-02	2.325576E-02	2.316751E-02	2.308337E-02	2.294066E-02	2.282011E-02	2.271264E-02	2.264197E-02	2.254706E-02	2.246210E-02	2.239229E-02	2.228739E-02	2.219994E-02	2.209375E-02	2.200212E-02	2.189998E-02	2.181177E-02	2.173420E-02	2.166991E-02	2.163069E-02	2.157074E-02	2.151273E-02	2.141827E-02	2.133496E-02	2.126231E-02	2.121762E-02	2.115283E-02	2.104094E-02	2.094174E-02	2.081705E-02	2.067644E-02	2.054095E-02	2.036172E-02	2.021515E-02	2.010438E-02	1.999901E-02	1.990402E-02	1.981452E-02	1.971983E-02	1.952651E-02	1.922201E-02	1.870273E-02	1.767259E-02	1.596351E-02	1.323945E-02	

3.940490E-02	3.796355E-02	3.564902E-02	3.394078E-02	3.103203E-02	2.930467E-02	2.816619E-02	2.739603E-02	2.637158E-02	2.579393E-02	2.538269E-02	2.510373E-02	2.488860E-02	2.473802E-02	2.459668E-02	2.447410E-02	2.436875E-02	2.427321E-02	2.422106E-02	2.413843E-02	2.405900E-02	2.392372E-02	2.380887E-02	2.370544E-02	2.363968E-02	2.354670E-02	2.346355E-02	2.339560E-02	2.329266E-02	2.320707E-02	2.310294E-02	2.301449E-02	2.291389E-02	2.282712E-02	2.275080E-02	2.268788E-02	2.265074E-02	2.259136E-02	2.253368E-02	2.244000E-02	2.235714E-02	2.228475E-02	2.224140E-02	2.217637E-02	2.206387E-02	2.196374E-02	2.183787E-02	2.169691E-02	2.155980E-02	2.137947E-02	2.123143E-02	2.111973E-02	2.101274E-02	2.091603E-02	2.082462E-02	2.072735E-02	2.052780E-02	2.021167E-02	1.967005E-02	1.859142E-02	1.679769E-02	1.393472E-02	

3.987378E-02	3.842090E-02	3.610085E-02	3.440625E-02	3.155299E-02	2.989229E-02	2.881501E-02	2.809967E-02	2.715969E-02	2.664630E-02	2.628093E-02	2.603758E-02	2.584906E-02	2.572020E-02	2.559506E-02	2.548511E-02	2.539003E-02	2.530250E-02	2.525903E-02	2.518139E-02	2.510611E-02	2.497734E-02	2.486751E-02	2.476761E-02	2.470641E-02	2.461503E-02	2.453343E-02	2.446718E-02	2.436602E-02	2.428217E-02	2.417996E-02	2.409463E-02	2.399545E-02	2.391003E-02	2.383485E-02	2.377323E-02	2.373821E-02	2.367931E-02	2.362188E-02	2.352886E-02	2.344634E-02	2.337416E-02	2.333217E-02	2.326686E-02	2.315373E-02	2.305267E-02	2.292568E-02	2.278464E-02	2.264609E-02	2.246513E-02	2.231594E-02	2.220360E-02	2.209515E-02	2.199684E-02	2.190359E-02	2.180370E-02	2.159779E-02	2.126953E-02	2.070436E-02	1.957425E-02	1.769029E-02	1.467895E-02	

4.038116E-02	3.891914E-02	3.659852E-02	3.492288E-02	3.213553E-02	3.054895E-02	2.953780E-02	2.888066E-02	2.802857E-02	2.758076E-02	2.726137E-02	2.705322E-02	2.689056E-02	2.678264E-02	2.667283E-02	2.657463E-02	2.648900E-02	2.640870E-02	2.637346E-02	2.630014E-02	2.622843E-02	2.610526E-02	2.599982E-02	2.590299E-02	2.584594E-02	2.575588E-02	2.567563E-02	2.561091E-02	2.551127E-02	2.542893E-02	2.532828E-02	2.524568E-02	2.514741E-02	2.506281E-02	2.498824E-02	2.492747E-02	2.489422E-02	2.483537E-02	2.477777E-02	2.468470E-02	2.460192E-02	2.452944E-02	2.448850E-02	2.442256E-02	2.430832E-02	2.420600E-02	2.407762E-02	2.393648E-02	2.379660E-02	2.361552E-02	2.346565E-02	2.335313E-02	2.324356E-02	2.314396E-02	2.304907E-02	2.294672E-02	2.273455E-02	2.239397E-02	2.180443E-02	2.062033E-02	1.864103E-02	1.547227E-02	

4.093155E-02	3.946328E-02	3.714782E-02	3.549709E-02	3.278686E-02	3.128207E-02	3.034191E-02	2.974618E-02	2.898496E-02	2.860361E-02	2.832991E-02	2.815624E-02	2.801843E-02	2.793051E-02	2.783500E-02	2.774755E-02	2.767046E-02	2.759656E-02	2.756909E-02	2.749939E-02	2.743065E-02	2.731220E-02	2.721057E-02	2.711644E-02	2.706329E-02	2.697438E-02	2.689538E-02	2.683217E-02	2.673402E-02	2.665317E-02	2.655405E-02	2.647415E-02	2.637661E-02	2.629266E-02	2.621848E-02	2.615835E-02	2.612680E-02	2.606778E-02	2.600979E-02	2.591631E-02	2.583295E-02	2.575992E-02	2.571991E-02	2.565315E-02	2.553759E-02	2.543386E-02	2.530400E-02	2.516289E-02	2.502179E-02	2.484106E-02	2.469085E-02	2.457848E-02	2.446800E-02	2.436724E-02	2.427081E-02	2.416600E-02	2.394743E-02	2.359402E-02	2.297879E-02	2.173743E-02	1.965666E-02	1.632001E-02	

4.153152E-02	4.006036E-02	3.775659E-02	3.613730E-02	3.351606E-02	3.210081E-02	3.123634E-02	3.070496E-02	3.003698E-02	2.972246E-02	2.949371E-02	2.935345E-02	2.923916E-02	2.917009E-02	2.908768E-02	2.900984E-02	2.894030E-02	2.887189E-02	2.885174E-02	2.878495E-02	2.871858E-02	2.860402E-02	2.850571E-02	2.841406E-02	2.836475E-02	2.827698E-02	2.819929E-02	2.813777E-02	2.804138E-02	2.796232E-02	2.786507E-02	2.778835E-02	2.769183E-02	2.760876E-02	2.753511E-02	2.747581E-02	2.744618E-02	2.738706E-02	2.732872E-02	2.723491E-02	2.715102E-02	2.707745E-02	2.703850E-02	2.697092E-02	2.685408E-02	2.674895E-02	2.661765E-02	2.647675E-02	2.633450E-02	2.615432E-02	2.600385E-02	2.589170E-02	2.578028E-02	2.567830E-02	2.558023E-02	2.547279E-02	2.524737E-02	2.488021E-02	2.423745E-02	2.293471E-02	2.074516E-02	1.722854E-02	

4.219058E-02	4.072044E-02	3.843566E-02	3.685490E-02	3.433509E-02	3.301711E-02	3.223278E-02	3.176839E-02	3.119542E-02	3.094754E-02	3.076259E-02	3.065428E-02	3.056193E-02	3.051036E-02	3.043967E-02	3.037018E-02	3.030712E-02	3.024325E-02	3.022998E-02	3.016538E-02	3.010079E-02	2.998935E-02	2.989399E-02	2.980471E-02	2.975944E-02	2.967295E-02	2.959683E-02	2.953736E-02	2.944330E-02	2.936664E-02	2.927205E-02	2.919952E-02	2.910477E-02	2.902327E-02	2.895073E-02	2.889283E-02	2.886572E-02	2.880689E-02	2.874852E-02	2.865495E-02	2.857095E-02	2.849722E-02	2.845973E-02	2.839156E-02	2.827382E-02	2.816751E-02	2.803501E-02	2.789465E-02	2.775128E-02	2.757170E-02	2.742079E-02	2.730867E-02	2.719602E-02	2.709252E-02	2.699247E-02	2.688201E-02	2.664889E-02	2.626652E-02	2.559361E-02	2.422418E-02	2.191695E-02	1.820612E-02	

4.292145E-02	4.145682E-02	3.919919E-02	3.766463E-02	3.525914E-02	3.404609E-02	3.334603E-02	3.295094E-02	3.247404E-02	3.229207E-02	3.214929E-02	3.207116E-02	3.199884E-02	3.196329E-02	3.190282E-02	3.184036E-02	3.178267E-02	3.172242E-02	3.171557E-02	3.165248E-02	3.158910E-02	3.148010E-02	3.138737E-02	3.130038E-02	3.125933E-02	3.117423E-02	3.109985E-02	3.104275E-02	3.095150E-02	3.087773E-02	3.078644E-02	3.071898E-02	3.062662E-02	3.054724E-02	3.047631E-02	3.042030E-02	3.039624E-02	3.033803E-02	3.027989E-02	3.018707E-02	3.010339E-02	3.002982E-02	2.999422E-02	2.992567E-02	2.980739E-02	2.970014E-02	2.956669E-02	2.942725E-02	2.928284E-02	2.910395E-02	2.895247E-02	2.884024E-02	2.872610E-02	2.862081E-02	2.851846E-02	2.840460E-02	2.816292E-02	2.776382E-02	2.705799E-02	2.561611E-02	2.318143E-02	1.926062E-02	

4.374312E-02	4.228903E-02	4.006738E-02	3.858715E-02	3.630912E-02	3.520840E-02	3.459633E-02	3.427242E-02	3.389188E-02	3.377453E-02	3.367184E-02	3.362174E-02	3.356730E-02	3.354619E-02	3.349435E-02	3.343757E-02	3.338418E-02	3.332666E-02	3.332551E-02	3.326328E-02	3.320055E-02	3.309309E-02	3.300227E-02	3.291695E-02	3.287970E-02	3.279538E-02	3.272221E-02	3.266699E-02	3.257782E-02	3.250631E-02	3.241755E-02	3.235451E-02	3.226379E-02	3.218585E-02	3.211600E-02	3.206145E-02	3.204025E-02	3.198231E-02	3.192412E-02	3.183169E-02	3.174806E-02	3.167452E-02	3.164084E-02	3.157185E-02	3.145303E-02	3.134495E-02	3.121077E-02	3.107285E-02	3.092780E-02	3.075051E-02	3.059905E-02	3.048722E-02	3.037191E-02	3.026506E-02	3.016056E-02	3.004328E-02	2.979282E-02	2.937620E-02	2.863547E-02	2.711618E-02	2.454470E-02	2.039801E-02	

4.476314E-02	4.332020E-02	4.113661E-02	3.971412E-02	3.756925E-02	3.658439E-02	3.606177E-02	3.580968E-02	3.552443E-02	3.547001E-02	3.540520E-02	3.538105E-02	3.534240E-02	3.533448E-02	3.528986E-02	3.523764E-02	3.518776E-02	3.513237E-02	3.513629E-02	3.507448E-02	3.501197E-02	3.490529E-02	3.481558E-02	3.473107E-02	3.469692E-02	3.461230E-02	3.453925E-02	3.448487E-02	3.439616E-02	3.432539E-02	3.423721E-02	3.417679E-02	3.408577E-02	3.400754E-02	3.393737E-02	3.388307E-02	3.386391E-02	3.380530E-02	3.374624E-02	3.365300E-02	3.356855E-02	3.349439E-02	3.346239E-02	3.339259E-02	3.327278E-02	3.316375E-02	3.302890E-02	3.289318E-02	3.274804E-02	3.257379E-02	3.242345E-02	3.231298E-02	3.219720E-02	3.208929E-02	3.198300E-02	3.186246E-02	3.160309E-02	3.116800E-02	3.038959E-02	2.878545E-02	2.606289E-02	2.166564E-02	

4.598461E-02	4.455602E-02	4.241650E-02	4.105811E-02	3.905636E-02	3.819302E-02	3.776242E-02	3.758336E-02	3.739272E-02	3.739956E-02	3.737021E-02	3.736967E-02	3.734445E-02	3.734844E-02	3.730952E-02	3.726072E-02	3.721358E-02	3.715985E-02	3.716846E-02	3.710680E-02	3.704432E-02	3.693816E-02	3.684938E-02	3.676544E-02	3.673428E-02	3.664881E-02	3.657532E-02	3.652124E-02	3.643207E-02	3.636112E-02	3.627231E-02	3.621345E-02	3.612080E-02	3.604101E-02	3.596950E-02	3.591457E-02	3.589693E-02	3.583691E-02	3.577632E-02	3.568134E-02	3.559533E-02	3.552000E-02	3.548946E-02	3.541848E-02	3.529714E-02	3.518690E-02	3.505113E-02	3.491782E-02	3.477265E-02	3.460203E-02	3.445315E-02	3.434442E-02	3.422831E-02	3.411942E-02	3.401131E-02	3.388727E-02	3.361821E-02	3.316286E-02	3.234286E-02	3.064465E-02	2.775421E-02	2.307819E-02	

4.745293E-02	4.604318E-02	4.395560E-02	4.266917E-02	4.082244E-02	4.008727E-02	3.975159E-02	3.964699E-02	3.955020E-02	3.961646E-02	3.961987E-02	3.964038E-02	3.962594E-02	3.964066E-02	3.960591E-02	3.955949E-02	3.951454E-02	3.946225E-02	3.947586E-02	3.941449E-02	3.935226E-02	3.924748E-02	3.916065E-02	3.907833E-02	3.905138E-02	3.896568E-02	3.889232E-02	3.883916E-02	3.875015E-02	3.867954E-02	3.859055E-02	3.853401E-02	3.843976E-02	3.835828E-02	3.828536E-02	3.822975E-02	3.821380E-02	3.815211E-02	3.808974E-02	3.799268E-02	3.790471E-02	3.782783E-02	3.779871E-02	3.772615E-02	3.760260E-02	3.749053E-02	3.735301E-02	3.722136E-02	3.707519E-02	3.690705E-02	3.675855E-02	3.665073E-02	3.653339E-02	3.642263E-02	3.631182E-02	3.618327E-02	3.590233E-02	3.542300E-02	3.455476E-02	3.274876E-02	2.966718E-02	2.467490E-02	

4.927899E-02	4.789197E-02	4.586339E-02	4.465672E-02	4.297673E-02	4.237657E-02	4.213890E-02	4.211041E-02	4.210674E-02	4.223071E-02	4.226407E-02	4.230295E-02	4.229649E-02	4.232104E-02	4.228900E-02	4.224407E-02	4.220107E-02	4.215035E-02	4.217007E-02	4.210952E-02	4.204826E-02	4.194684E-02	4.186426E-02	4.178590E-02	4.176575E-02	4.168156E-02	4.160998E-02	4.155946E-02	4.147270E-02	4.140427E-02	4.131707E-02	4.126533E-02	4.117076E-02	4.108849E-02	4.101489E-02	4.095927E-02	4.094584E-02	4.088266E-02	4.081856E-02	4.071954E-02	4.062947E-02	4.055078E-02	4.052316E-02	4.044855E-02	4.032179E-02	4.020688E-02	4.006607E-02	3.993426E-02	3.978499E-02	3.961634E-02	3.946548E-02	3.935643E-02	3.923575E-02	3.912118E-02	3.900577E-02	3.887072E-02	3.857387E-02	3.806425E-02	3.713710E-02	3.520240E-02	3.189537E-02	2.653254E-02	

5.165723E-02	5.029545E-02	4.833102E-02	4.721168E-02	4.571015E-02	4.525294E-02	4.511726E-02	4.516757E-02	4.525734E-02	4.543827E-02	4.549903E-02	4.555383E-02	4.555248E-02	4.558607E-02	4.555510E-02	4.551057E-02	4.546904E-02	4.541978E-02	4.544682E-02	4.538739E-02	4.532752E-02	4.523103E-02	4.515466E-02	4.508227E-02	4.507149E-02	4.499023E-02	4.492180E-02	4.487549E-02	4.479278E-02	4.472816E-02	4.464447E-02	4.459992E-02	4.450603E-02	4.442362E-02	4.434989E-02	4.429480E-02	4.428480E-02	4.422010E-02	4.415410E-02	4.405298E-02	4.396037E-02	4.387934E-02	4.385328E-02	4.377589E-02	4.364450E-02	4.352528E-02	4.337910E-02	4.324486E-02	4.308979E-02	4.291699E-02	4.276046E-02	4.264761E-02	4.252096E-02	4.240012E-02	4.227773E-02	4.213358E-02	4.181544E-02	4.126688E-02	4.026581E-02	3.817244E-02	3.459002E-02	2.877698E-02	

5.471141E-02	5.337353E-02	5.147081E-02	5.043920E-02	4.911289E-02	4.879557E-02	4.875771E-02	4.888332E-02	4.905829E-02	4.929004E-02	4.937203E-02	4.943784E-02	4.943708E-02	4.947638E-02	4.944302E-02	4.939572E-02	4.935296E-02	4.930267E-02	4.933579E-02	4.927531E-02	4.921478E-02	4.911988E-02	4.904706E-02	4.897837E-02	4.897588E-02	4.889561E-02	4.882872E-02	4.878544E-02	4.870504E-02	4.864292E-02	4.856125E-02	4.852323E-02	4.842884E-02	4.834544E-02	4.827095E-02	4.821610E-02	4.820994E-02	4.814341E-02	4.807518E-02	4.797175E-02	4.787656E-02	4.779330E-02	4.776963E-02	4.768947E-02	4.755367E-02	4.743032E-02	4.727920E-02	4.714402E-02	4.698364E-02	4.680834E-02	4.664689E-02	4.653091E-02	4.639831E-02	4.627101E-02	4.614118E-02	4.598695E-02	4.564474E-02	4.505136E-02	4.396429E-02	4.168478E-02	3.777798E-02	3.143334E-02	

5.988160E-02	5.853242E-02	5.664511E-02	5.568403E-02	5.451854E-02	5.435065E-02	5.442224E-02	5.463678E-02	5.491310E-02	5.520978E-02	5.531885E-02	5.540021E-02	5.540138E-02	5.544764E-02	5.541048E-02	5.535776E-02	5.531093E-02	5.525602E-02	5.529480E-02	5.522890E-02	5.516319E-02	5.506172E-02	5.498523E-02	5.491337E-02	5.491567E-02	5.482985E-02	5.475888E-02	5.471415E-02	5.462930E-02	5.456429E-02	5.447824E-02	5.444249E-02	5.434192E-02	5.425296E-02	5.417392E-02	5.411671E-02	5.411420E-02	5.404329E-02	5.397034E-02	5.386134E-02	5.376102E-02	5.367366E-02	5.365312E-02	5.356845E-02	5.342579E-02	5.329619E-02	5.313812E-02	5.300256E-02	5.283525E-02	5.265831E-02	5.249136E-02	5.237228E-02	5.223210E-02	5.209628E-02	5.195638E-02	5.178797E-02	5.141112E-02	5.075208E-02	4.953760E-02	4.698011E-02	4.258658E-02	3.544213E-02	

6.935075E-02	6.791334E-02	6.593922E-02	6.500777E-02	6.396554E-02	6.396281E-02	6.416593E-02	6.449636E-02	6.490658E-02	6.529725E-02	6.544587E-02	6.555291E-02	6.555986E-02	6.561826E-02	6.557668E-02	6.551580E-02	6.546210E-02	6.539848E-02	6.544538E-02	6.536842E-02	6.529152E-02	6.517325E-02	6.508435E-02	6.500082E-02	6.500559E-02	6.490511E-02	6.482232E-02	6.477045E-02	6.467179E-02	6.459655E-02	6.449699E-02	6.445861E-02	6.434295E-02	6.424100E-02	6.415115E-02	6.408727E-02	6.408870E-02	6.400868E-02	6.392619E-02	6.380509E-02	6.369418E-02	6.359838E-02	6.358181E-02	6.348839E-02	6.333239E-02	6.319073E-02	6.301940E-02	6.288127E-02	6.270088E-02	6.251943E-02	6.234217E-02	6.221711E-02	6.206367E-02	6.191312E-02	6.175600E-02	6.156350E-02	6.112796E-02	6.035797E-02	5.892854E-02	5.590244E-02	5.068872E-02	4.219665E-02	

8.762623E-02	8.592080E-02	8.361829E-02	8.261059E-02	8.158570E-02	8.176858E-02	8.214421E-02	8.264475E-02	8.325751E-02	8.380622E-02	8.402484E-02	8.418410E-02	8.421084E-02	8.430085E-02	8.426129E-02	8.419493E-02	8.413744E-02	8.406554E-02	8.413435E-02	8.404318E-02	8.395099E-02	8.381069E-02	8.370579E-02	8.360615E-02	8.361983E-02	8.349588E-02	8.339412E-02	8.333135E-02	8.320976E-02	8.311763E-02	8.299499E-02	8.295293E-02	8.281040E-02	8.268491E-02	8.257513E-02	8.249860E-02	8.250664E-02	8.240928E-02	8.230844E-02	8.216329E-02	8.203101E-02	8.191760E-02	8.190618E-02	8.179453E-02	8.160994E-02	8.144207E-02	8.124091E-02	8.109004E-02	8.087891E-02	8.067839E-02	8.047410E-02	8.033161E-02	8.014857E-02	7.996664E-02	7.977422E-02	7.953439E-02	7.898592E-02	7.800655E-02	7.617621E-02	7.228288E-02	6.555761E-02	5.458768E-02	

1.184057E-01	1.161458E-01	1.131133E-01	1.118240E-01	1.105621E-01	1.108867E-01	1.114419E-01	1.121518E-01	1.130157E-01	1.137873E-01	1.141060E-01	1.143526E-01	1.144238E-01	1.145814E-01	1.145639E-01	1.145076E-01	1.144633E-01	1.143958E-01	1.145172E-01	1.144186E-01	1.143157E-01	1.141652E-01	1.140558E-01	1.139483E-01	1.139924E-01	1.138434E-01	1.137219E-01	1.136510E-01	1.135041E-01	1.133943E-01	1.132444E-01	1.132064E-01	1.130278E-01	1.128694E-01	1.127315E-01	1.126376E-01	1.126588E-01	1.125354E-01	1.124060E-01	1.122237E-01	1.120578E-01	1.119159E-01	1.119128E-01	1.117709E-01	1.115383E-01	1.113256E-01	1.110726E-01	1.108953E-01	1.106287E-01	1.103876E-01	1.101315E-01	1.099541E-01	1.097173E-01	1.094796E-01	1.092255E-01	1.089049E-01	1.081663E-01	1.068385E-01	1.043461E-01	9.902843E-02	8.982793E-02	7.480733E-02	

1.595332E-01	1.564204E-01	1.522104E-01	1.503634E-01	1.484569E-01	1.487534E-01	1.494033E-01	1.502897E-01	1.513636E-01	1.523728E-01	1.527993E-01	1.531661E-01	1.533188E-01	1.535953E-01	1.536424E-01	1.536354E-01	1.536457E-01	1.536185E-01	1.538404E-01	1.537624E-01	1.536728E-01	1.535589E-01	1.534854E-01	1.534034E-01	1.535185E-01	1.533625E-01	1.532374E-01	1.531748E-01	1.530188E-01	1.529057E-01	1.527411E-01	1.527292E-01	1.525201E-01	1.523311E-01	1.521663E-01	1.520576E-01	1.521026E-01	1.519509E-01	1.517888E-01	1.515653E-01	1.513612E-01	1.511860E-01	1.511968E-01	1.510173E-01	1.507250E-01	1.504550E-01	1.501353E-01	1.499225E-01	1.495812E-01	1.492819E-01	1.489527E-01	1.487248E-01	1.484136E-01	1.480991E-01	1.477611E-01	1.473320E-01	1.463396E-01	1.445505E-01	1.411855E-01	1.339975E-01	1.215537E-01	1.012320E-01	

2.003591E-01	1.964903E-01	1.912108E-01	1.888496E-01	1.862945E-01	1.865085E-01	1.871923E-01	1.881987E-01	1.893883E-01	1.905714E-01	1.910625E-01	1.915293E-01	1.917600E-01	1.921596E-01	1.922825E-01	1.923379E-01	1.924195E-01	1.924487E-01	1.927864E-01	1.927445E-01	1.926820E-01	1.926316E-01	1.926173E-01	1.925817E-01	1.927874E-01	1.926404E-01	1.925261E-01	1.924844E-01	1.923365E-01	1.922350E-01	1.920725E-01	1.921056E-01	1.918821E-01	1.916755E-01	1.914960E-01	1.913828E-01	1.914612E-01	1.912904E-01	1.911031E-01	1.908527E-01	1.906230E-01	1.904249E-01	1.904592E-01	1.902501E-01	1.899123E-01	1.895965E-01	1.892244E-01	1.889936E-01	1.885904E-01	1.882507E-01	1.878603E-01	1.875904E-01	1.872110E-01	1.868247E-01	1.864068E-01	1.858722E-01	1.846306E-01	1.823842E-01	1.781497E-01	1.690907E-01	1.533966E-01	1.277576E-01	

2.309070E-01	2.267462E-01	2.210405E-01	2.185368E-01	2.157801E-01	2.160270E-01	2.167536E-01	2.178375E-01	2.190501E-01	2.202904E-01	2.207597E-01	2.212419E-01	2.214805E-01	2.219312E-01	2.220757E-01	2.221471E-01	2.222574E-01	2.223078E-01	2.227161E-01	2.226859E-01	2.226303E-01	2.226071E-01	2.226225E-01	2.226111E-01	2.228806E-01	2.227353E-01	2.226262E-01	2.225994E-01	2.224587E-01	2.223694E-01	2.222147E-01	2.222935E-01	2.220708E-01	2.218632E-01	2.216854E-01	2.215823E-01	2.216999E-01	2.215271E-01	2.213323E-01	2.210844E-01	2.208568E-01	2.206611E-01	2.207330E-01	2.205184E-01	2.201767E-01	2.198524E-01	2.194751E-01	2.192779E-01	2.188636E-01	2.185488E-01	2.181510E-01	2.178794E-01	2.174713E-01	2.170490E-01	2.165855E-01	2.159826E-01	2.145689E-01	2.119894E-01	2.071009E-01	1.966052E-01	1.783874E-01	1.485950E-01	

2.495223E-01	2.454932E-01	2.399521E-01	2.376338E-01	2.350661E-01	2.354252E-01	2.361831E-01	2.372845E-01	2.384124E-01	2.395735E-01	2.399214E-01	2.403127E-01	2.404654E-01	2.408688E-01	2.409560E-01	2.409751E-01	2.410486E-01	2.410654E-01	2.414771E-01	2.414184E-01	2.413355E-01	2.412778E-01	2.412720E-01	2.412447E-01	2.415323E-01	2.413702E-01	2.412508E-01	2.412238E-01	2.410788E-01	2.409932E-01	2.408428E-01	2.409562E-01	2.407428E-01	2.405459E-01	2.403823E-01	2.402997E-01	2.404570E-01	2.402970E-01	2.401114E-01	2.398926E-01	2.396923E-01	2.395230E-01	2.396428E-01	2.394463E-01	2.391419E-01	2.388472E-01	2.385122E-01	2.383991E-01	2.380271E-01	2.378037E-01	2.374560E-01	2.372257E-01	2.368329E-01	2.364152E-01	2.359457E-01	2.353186E-01	2.338257E-01	2.310661E-01	2.257934E-01	2.144103E-01	1.945944E-01	1.621365E-01	

2.571565E-01	2.535083E-01	2.484976E-01	2.465658E-01	2.444586E-01	2.450031E-01	2.458104E-01	2.469098E-01	2.479280E-01	2.489565E-01	2.491550E-01	2.494193E-01	2.494580E-01	2.497766E-01	2.497823E-01	2.497300E-01	2.497461E-01	2.497130E-01	2.500968E-01	2.499992E-01	2.498815E-01	2.497728E-01	2.497302E-01	2.496754E-01	2.499576E-01	2.497767E-01	2.496443E-01	2.496118E-01	2.494609E-01	2.493762E-01	2.492296E-01	2.493659E-01	2.491655E-01	2.489837E-01	2.488380E-01	2.487766E-01	2.489646E-01	2.488222E-01	2.486520E-01	2.484686E-01	2.483017E-01	2.481643E-01	2.483252E-01	2.481541E-01	2.478978E-01	2.476439E-01	2.473640E-01	2.473382E-01	2.470236E-01	2.469008E-01	2.466182E-01	2.464395E-01	2.460794E-01	2.456845E-01	2.452297E-01	2.446054E-01	2.430981E-01	2.402772E-01	2.348467E-01	2.230635E-01	2.024966E-01	1.687597E-01	

2.571187E-01	2.540004E-01	2.497699E-01	2.483949E-01	2.470480E-01	2.479429E-01	2.489103E-01	2.500840E-01	2.511219E-01	2.521087E-01	2.522434E-01	2.524459E-01	2.524258E-01	2.526956E-01	2.526559E-01	2.525629E-01	2.525447E-01	2.524818E-01	2.528442E-01	2.527232E-01	2.525843E-01	2.524427E-01	2.523748E-01	2.523006E-01	2.525741E-01	2.523811E-01	2.522399E-01	2.522021E-01	2.520463E-01	2.519607E-01	2.518155E-01	2.519621E-01	2.517703E-01	2.515985E-01	2.514647E-01	2.514165E-01	2.516213E-01	2.514910E-01	2.513320E-01	2.511726E-01	2.510285E-01	2.509128E-01	2.510983E-01	2.509453E-01	2.507229E-01	2.504981E-01	2.502571E-01	2.502885E-01	2.500149E-01	2.499592E-01	2.497226E-01	2.495799E-01	2.492454E-01	2.488703E-01	2.484305E-01	2.478156E-01	2.463168E-01	2.434893E-01	2.380197E-01	2.261136E-01	2.052969E-01	1.711186E-01	

2.503409E-01	2.479801E-01	2.448439E-01	2.441931E-01	2.438064E-01	2.450934E-01	2.462206E-01	2.474663E-01	2.485530E-01	2.495562E-01	2.497102E-01	2.499276E-01	2.499195E-01	2.501899E-01	2.501542E-01	2.500622E-01	2.500432E-01	2.499773E-01	2.503321E-01	2.502086E-01	2.500651E-01	2.499105E-01	2.498293E-01	2.497420E-01	2.500004E-01	2.497968E-01	2.496465E-01	2.495983E-01	2.494288E-01	2.493304E-01	2.491709E-01	2.492996E-01	2.490962E-01	2.489152E-01	2.487728E-01	2.487172E-01	2.489124E-01	2.487770E-01	2.486142E-01	2.484472E-01	2.482974E-01	2.481774E-01	2.483560E-01	2.482006E-01	2.479740E-01	2.477468E-01	2.475032E-01	2.475290E-01	2.472547E-01	2.471961E-01	2.469606E-01	2.468186E-01	2.464874E-01	2.461165E-01	2.456818E-01	2.450739E-01	2.435921E-01	2.407967E-01	2.353888E-01	2.236160E-01	2.030312E-01	1.692321E-01	

2.487427E-01	2.467957E-01	2.442345E-01	2.439383E-01	2.439402E-01	2.453034E-01	2.463946E-01	2.476033E-01	2.486403E-01	2.496732E-01	2.498945E-01	2.501894E-01	2.502524E-01	2.505757E-01	2.505892E-01	2.505353E-01	2.505474E-01	2.505028E-01	2.508749E-01	2.507655E-01	2.506292E-01	2.504757E-01	2.503895E-01	2.502916E-01	2.505351E-01	2.503146E-01	2.501482E-01	2.500816E-01	2.498813E-01	2.497526E-01	2.495550E-01	2.496379E-01	2.493927E-01	2.491742E-01	2.489956E-01	2.489073E-01	2.490708E-01	2.489065E-01	2.487175E-01	2.485023E-01	2.483103E-01	2.481530E-01	2.482967E-01	2.481112E-01	2.478306E-01	2.475582E-01	2.472578E-01	2.472093E-01	2.468778E-01	2.467345E-01	2.464398E-01	2.462521E-01	2.458854E-01	2.454862E-01	2.450283E-01	2.444016E-01	2.428908E-01	2.400679E-01	2.346381E-01	2.228614E-01	2.023105E-01	1.686033E-01	

2.439081E-01	2.423657E-01	2.403319E-01	2.402928E-01	2.404624E-01	2.416946E-01	2.425852E-01	2.436135E-01	2.444015E-01	2.453122E-01	2.454989E-01	2.457889E-01	2.458621E-01	2.461827E-01	2.462054E-01	2.461579E-01	2.461716E-01	2.461243E-01	2.464835E-01	2.463709E-01	2.462274E-01	2.460485E-01	2.459342E-01	2.458068E-01	2.460113E-01	2.457629E-01	2.455695E-01	2.454730E-01	2.452295E-01	2.450586E-01	2.448103E-01	2.448275E-01	2.445309E-01	2.442666E-01	2.440442E-01	2.439152E-01	2.440344E-01	2.438368E-01	2.436184E-01	2.433472E-01	2.431065E-01	2.429064E-01	2.430042E-01	2.427854E-01	2.424455E-01	2.421243E-01	2.417624E-01	2.416270E-01	2.412357E-01	2.409980E-01	2.406425E-01	2.404076E-01	2.400096E-01	2.395878E-01	2.391143E-01	2.384805E-01	2.369705E-01	2.341783E-01	2.288409E-01	2.173114E-01	1.972353E-01	1.643444E-01	

2.280829E-01	2.269406E-01	2.253543E-01	2.253548E-01	2.251948E-01	2.258050E-01	2.261004E-01	2.265808E-01	2.265848E-01	2.269145E-01	2.267306E-01	2.267282E-01	2.265881E-01	2.267038E-01	2.265818E-01	2.264164E-01	2.263187E-01	2.261759E-01	2.264127E-01	2.262289E-01	2.260227E-01	2.257219E-01	2.254963E-01	2.252736E-01	2.253616E-01	2.250494E-01	2.247952E-01	2.246345E-01	2.243137E-01	2.240698E-01	2.237407E-01	2.236435E-01	2.232787E-01	2.229554E-01	2.226791E-01	2.224963E-01	2.225451E-01	2.223121E-01	2.220658E-01	2.217349E-01	2.214442E-01	2.212011E-01	2.212351E-01	2.209884E-01	2.205985E-01	2.202404E-01	2.198317E-01	2.196085E-01	2.191793E-01	2.188598E-01	2.184673E-01	2.182024E-01	2.178014E-01	2.173874E-01	2.169319E-01	2.163355E-01	2.149320E-01	2.123639E-01	2.074862E-01	1.969935E-01	1.787619E-01	1.489269E-01	

1.887978E-01	1.878236E-01	1.862605E-01	1.857472E-01	1.842338E-01	1.833416E-01	1.823797E-01	1.817358E-01	1.801929E-01	1.793406E-01	1.783995E-01	1.777762E-01	1.771781E-01	1.768463E-01	1.764089E-01	1.759881E-01	1.756469E-01	1.752998E-01	1.752599E-01	1.749249E-01	1.745894E-01	1.740384E-01	1.735840E-01	1.731678E-01	1.730063E-01	1.725729E-01	1.722010E-01	1.719130E-01	1.714460E-01	1.710620E-01	1.705811E-01	1.702526E-01	1.697640E-01	1.693333E-01	1.689593E-01	1.686740E-01	1.685763E-01	1.682817E-01	1.679893E-01	1.675512E-01	1.671714E-01	1.668507E-01	1.667524E-01	1.664598E-01	1.659853E-01	1.655681E-01	1.650819E-01	1.646892E-01	1.642026E-01	1.637318E-01	1.632828E-01	1.629704E-01	1.625834E-01	1.622052E-01	1.618082E-01	1.613165E-01	1.601959E-01	1.582039E-01	1.544881E-01	1.465901E-01	1.329524E-01	1.107088E-01	

9.527374E-02	9.395574E-02	9.172826E-02	9.004302E-02	8.646266E-02	8.369416E-02	8.136771E-02	7.949651E-02	7.645156E-02	7.433504E-02	7.265054E-02	7.135200E-02	7.026732E-02	6.939454E-02	6.860877E-02	6.791257E-02	6.729552E-02	6.672968E-02	6.630042E-02	6.581544E-02	6.536302E-02	6.456669E-02	6.387933E-02	6.327117E-02	6.278857E-02	6.227167E-02	6.180891E-02	6.140019E-02	6.082489E-02	6.032503E-02	5.973122E-02	5.914689E-02	5.858706E-02	5.809628E-02	5.766441E-02	5.729539E-02	5.701298E-02	5.669491E-02	5.639964E-02	5.590449E-02	5.547998E-02	5.511759E-02	5.485366E-02	5.455898E-02	5.406610E-02	5.365453E-02	5.316192E-02	5.261369E-02	5.214996E-02	5.156621E-02	5.113324E-02	5.082087E-02	5.053614E-02	5.028878E-02	5.005865E-02	4.981862E-02	4.933411E-02	4.857515E-02	4.728097E-02	4.470465E-02	4.041399E-02	3.355240E-02	

