0.000000E+00	0.000000E+00	0.000000E+00	0.000000E+00	0.000000E+00	0.000000E+00	0.000000E+00	0.000000E+00	0.000000E+00	0.000000E+00	0.000000E+00	0.000000E+00	0.000000E+00	0.000000E+00	0.000000E+00	0.000000E+00	0.000000E+00	2.587367E-02	2.508173E-02	2.436951E-02	2.372560E-02	2.262906E-02	2.170016E-02	2.089552E-02	2.023029E-02	1.961424E-02	1.907263E-02	1.858529E-02	1.794238E-02	1.738573E-02	1.674694E-02	1.614281E-02	1.559598E-02	1.513890E-02	1.474966E-02	1.440650E-02	1.417475E-02	1.390547E-02	1.367578E-02	1.329455E-02	1.298447E-02	1.272449E-02	1.256751E-02	1.237634E-02	1.209419E-02	1.187293E-02	1.161169E-02	1.140662E-02	1.122067E-02	1.104664E-02	1.089915E-02	1.079083E-02	1.068925E-02	1.059084E-02	1.049552E-02	1.040845E-02	1.023758E-02	1.001383E-02	9.691679E-03	9.161238E-03	8.332444E-03	6.888243E-03	

0.000000E+00	0.000000E+00	0.000000E+00	0.000000E+00	0.000000E+00	0.000000E+00	0.000000E+00	0.000000E+00	0.000000E+00	0.000000E+00	0.000000E+00	0.000000E+00	0.000000E+00	0.000000E+00	0.000000E+00	0.000000E+00	0.000000E+00	2.517234E-02	2.440250E-02	2.371048E-02	2.308491E-02	2.202082E-02	2.111989E-02	2.034007E-02	1.969627E-02	1.910008E-02	1.857632E-02	1.810528E-02	1.748427E-02	1.694698E-02	1.633076E-02	1.574968E-02	1.522326E-02	1.478364E-02	1.440960E-02	1.407990E-02	1.385894E-02	1.360031E-02	1.338006E-02	1.301489E-02	1.271809E-02	1.246928E-02	1.232081E-02	1.213786E-02	1.186864E-02	1.165740E-02	1.140763E-02	1.121389E-02	1.103594E-02	1.087028E-02	1.072784E-02	1.062261E-02	1.052335E-02	1.042683E-02	1.033315E-02	1.024745E-02	1.007911E-02	9.858471E-03	9.540679E-03	9.017601E-03	8.200950E-03	6.778993E-03	

0.000000E+00	0.000000E+00	0.000000E+00	0.000000E+00	0.000000E+00	0.000000E+00	0.000000E+00	0.000000E+00	0.000000E+00	0.000000E+00	0.000000E+00	0.000000E+00	0.000000E+00	0.000000E+00	0.000000E+00	0.000000E+00	0.000000E+00	2.453849E-02	2.378750E-02	2.311285E-02	2.250310E-02	2.146729E-02	2.059091E-02	1.983304E-02	1.920832E-02	1.862990E-02	1.812221E-02	1.766591E-02	1.706479E-02	1.654515E-02	1.594961E-02	1.538976E-02	1.488219E-02	1.445876E-02	1.409884E-02	1.378165E-02	1.357080E-02	1.332211E-02	1.311067E-02	1.276052E-02	1.247616E-02	1.223782E-02	1.209738E-02	1.192214E-02	1.166503E-02	1.146317E-02	1.122414E-02	1.104101E-02	1.087051E-02	1.071258E-02	1.057474E-02	1.047230E-02	1.037511E-02	1.028027E-02	1.018803E-02	1.010355E-02	9.937429E-03	9.719530E-03	9.405596E-03	8.889067E-03	8.083265E-03	6.681215E-03	

0.000000E+00	0.000000E+00	0.000000E+00	0.000000E+00	0.000000E+00	0.000000E+00	0.000000E+00	0.000000E+00	0.000000E+00	0.000000E+00	0.000000E+00	0.000000E+00	0.000000E+00	0.000000E+00	0.000000E+00	0.000000E+00	0.000000E+00	2.393776E-02	2.320554E-02	2.254812E-02	2.195403E-02	2.094612E-02	2.009387E-02	1.935750E-02	1.875144E-02	1.819034E-02	1.769829E-02	1.725629E-02	1.667445E-02	1.617189E-02	1.559631E-02	1.505699E-02	1.456757E-02	1.415971E-02	1.381335E-02	1.350818E-02	1.330709E-02	1.306790E-02	1.286490E-02	1.252913E-02	1.225665E-02	1.202830E-02	1.189557E-02	1.172765E-02	1.148206E-02	1.128911E-02	1.106021E-02	1.088713E-02	1.072358E-02	1.057287E-02	1.043924E-02	1.033931E-02	1.024396E-02	1.015062E-02	1.005964E-02	9.976230E-03	9.812048E-03	9.596541E-03	9.285991E-03	8.775243E-03	7.979059E-03	6.594664E-03	

0.000000E+00	0.000000E+00	0.000000E+00	0.000000E+00	0.000000E+00	0.000000E+00	0.000000E+00	0.000000E+00	0.000000E+00	0.000000E+00	0.000000E+00	0.000000E+00	0.000000E+00	0.000000E+00	0.000000E+00	0.000000E+00	0.000000E+00	2.336757E-02	2.265417E-02	2.201395E-02	2.143546E-02	2.045526E-02	1.962687E-02	1.891167E-02	1.832399E-02	1.777987E-02	1.730311E-02	1.687507E-02	1.631200E-02	1.582604E-02	1.526983E-02	1.475045E-02	1.427858E-02	1.388573E-02	1.355246E-02	1.325886E-02	1.306722E-02	1.283716E-02	1.264226E-02	1.232028E-02	1.205916E-02	1.184035E-02	1.171505E-02	1.155410E-02	1.131947E-02	1.113494E-02	1.091561E-02	1.075203E-02	1.059496E-02	1.045095E-02	1.032114E-02	1.022347E-02	1.012976E-02	1.003771E-02	9.947831E-03	9.865344E-03	9.702841E-03	9.489408E-03	9.181810E-03	8.676137E-03	7.888411E-03	6.519476E-03	

0.000000E+00	0.000000E+00	0.000000E+00	0.000000E+00	0.000000E+00	0.000000E+00	0.000000E+00	0.000000E+00	0.000000E+00	0.000000E+00	0.000000E+00	0.000000E+00	0.000000E+00	0.000000E+00	0.000000E+00	0.000000E+00	0.000000E+00	2.282901E-02	2.213420E-02	2.151090E-02	2.094774E-02	1.999476E-02	1.918974E-02	1.849524E-02	1.792553E-02	1.739796E-02	1.693610E-02	1.652163E-02	1.597680E-02	1.550695E-02	1.496950E-02	1.446950E-02	1.401458E-02	1.363625E-02	1.331560E-02	1.303315E-02	1.285072E-02	1.262943E-02	1.244233E-02	1.213359E-02	1.188339E-02	1.167373E-02	1.155563E-02	1.140133E-02	1.117716E-02	1.100066E-02	1.079038E-02	1.063586E-02	1.048484E-02	1.034709E-02	1.022077E-02	1.012512E-02	1.003284E-02	9.941924E-03	9.852981E-03	9.771282E-03	9.610207E-03	9.398539E-03	9.093463E-03	8.592150E-03	7.811683E-03	6.455937E-03	

0.000000E+00	0.000000E+00	0.000000E+00	0.000000E+00	0.000000E+00	0.000000E+00	0.000000E+00	0.000000E+00	0.000000E+00	0.000000E+00	0.000000E+00	0.000000E+00	0.000000E+00	0.000000E+00	0.000000E+00	0.000000E+00	0.000000E+00	2.232452E-02	2.164783E-02	2.104102E-02	2.049278E-02	1.956629E-02	1.878397E-02	1.810954E-02	1.755729E-02	1.704574E-02	1.659829E-02	1.619695E-02	1.566974E-02	1.521545E-02	1.469610E-02	1.421483E-02	1.377625E-02	1.341188E-02	1.310339E-02	1.283164E-02	1.265816E-02	1.244527E-02	1.226565E-02	1.196962E-02	1.172987E-02	1.152895E-02	1.141781E-02	1.126985E-02	1.105565E-02	1.088676E-02	1.068503E-02	1.053910E-02	1.039372E-02	1.026178E-02	1.013857E-02	1.004469E-02	9.953623E-03	9.863638E-03	9.775457E-03	9.694393E-03	9.534462E-03	9.324213E-03	9.021183E-03	8.523461E-03	7.749013E-03	6.404151E-03	

0.000000E+00	0.000000E+00	0.000000E+00	0.000000E+00	0.000000E+00	0.000000E+00	0.000000E+00	0.000000E+00	0.000000E+00	0.000000E+00	0.000000E+00	0.000000E+00	0.000000E+00	0.000000E+00	0.000000E+00	0.000000E+00	0.000000E+00	2.185675E-02	2.119744E-02	2.060643E-02	2.007249E-02	1.917144E-02	1.841091E-02	1.775576E-02	1.722031E-02	1.672416E-02	1.629058E-02	1.590186E-02	1.539160E-02	1.495225E-02	1.445030E-02	1.398713E-02	1.356425E-02	1.321330E-02	1.291647E-02	1.265501E-02	1.249021E-02	1.228537E-02	1.211291E-02	1.182905E-02	1.159929E-02	1.140673E-02	1.130233E-02	1.116038E-02	1.095566E-02	1.079398E-02	1.060029E-02	1.046251E-02	1.032235E-02	1.019580E-02	1.007537E-02	9.983043E-03	9.893001E-03	9.803776E-03	9.716203E-03	9.635639E-03	9.476597E-03	9.267444E-03	8.966000E-03	8.471083E-03	7.701328E-03	6.364863E-03	

0.000000E+00	0.000000E+00	0.000000E+00	0.000000E+00	0.000000E+00	0.000000E+00	0.000000E+00	0.000000E+00	0.000000E+00	0.000000E+00	0.000000E+00	0.000000E+00	0.000000E+00	0.000000E+00	0.000000E+00	0.000000E+00	0.000000E+00	2.141860E-02	2.077627E-02	2.020065E-02	1.968065E-02	1.880442E-02	1.806512E-02	1.742876E-02	1.690974E-02	1.642859E-02	1.600853E-02	1.563210E-02	1.513834E-02	1.471356E-02	1.422853E-02	1.378305E-02	1.337543E-02	1.303753E-02	1.275204E-02	1.250055E-02	1.234428E-02	1.214723E-02	1.198171E-02	1.170962E-02	1.148952E-02	1.130500E-02	1.120718E-02	1.107101E-02	1.087537E-02	1.072056E-02	1.053449E-02	1.040448E-02	1.026918E-02	1.014760E-02	1.002963E-02	9.938611E-03	9.849385E-03	9.760736E-03	9.673601E-03	9.593387E-03	9.434955E-03	9.226551E-03	8.926211E-03	8.433319E-03	7.667014E-03	6.336697E-03	

0.000000E+00	0.000000E+00	0.000000E+00	0.000000E+00	0.000000E+00	0.000000E+00	0.000000E+00	0.000000E+00	0.000000E+00	0.000000E+00	0.000000E+00	0.000000E+00	0.000000E+00	0.000000E+00	0.000000E+00	0.000000E+00	0.000000E+00	2.101779E-02	2.039164E-02	1.983070E-02	1.932399E-02	1.847150E-02	1.775256E-02	1.713421E-02	1.663099E-02	1.616426E-02	1.575720E-02	1.539260E-02	1.491473E-02	1.450396E-02	1.403523E-02	1.360690E-02	1.321398E-02	1.288865E-02	1.261410E-02	1.237220E-02	1.222426E-02	1.203469E-02	1.187583E-02	1.161505E-02	1.140421E-02	1.122738E-02	1.113596E-02	1.100526E-02	1.081827E-02	1.066995E-02	1.049101E-02	1.036835E-02	1.023748E-02	1.012044E-02	1.000457E-02	9.914631E-03	9.826012E-03	9.737751E-03	9.650881E-03	9.570867E-03	9.412760E-03	9.204748E-03	8.905006E-03	8.413284E-03	7.648999E-03	6.322143E-03	

0.000000E+00	0.000000E+00	0.000000E+00	0.000000E+00	0.000000E+00	0.000000E+00	0.000000E+00	0.000000E+00	0.000000E+00	0.000000E+00	0.000000E+00	0.000000E+00	0.000000E+00	0.000000E+00	0.000000E+00	0.000000E+00	0.000000E+00	2.068047E-02	2.006748E-02	1.951863E-02	1.902294E-02	1.819048E-02	1.748891E-02	1.688613E-02	1.639676E-02	1.594274E-02	1.554725E-02	1.519323E-02	1.472967E-02	1.433160E-02	1.387774E-02	1.346525E-02	1.308589E-02	1.277220E-02	1.250781E-02	1.227483E-02	1.213480E-02	1.195217E-02	1.179953E-02	1.154930E-02	1.134709E-02	1.117742E-02	1.109208E-02	1.096645E-02	1.078746E-02	1.064510E-02	1.047263E-02	1.035671E-02	1.022972E-02	1.011662E-02	1.000237E-02	9.913167E-03	9.824875E-03	9.736754E-03	9.649926E-03	9.569918E-03	9.411778E-03	9.203719E-03	8.903971E-03	8.412439E-03	7.648592E-03	6.322282E-03	

0.000000E+00	0.000000E+00	0.000000E+00	0.000000E+00	0.000000E+00	0.000000E+00	0.000000E+00	0.000000E+00	0.000000E+00	0.000000E+00	0.000000E+00	0.000000E+00	0.000000E+00	0.000000E+00	0.000000E+00	0.000000E+00	0.000000E+00	2.039781E-02	1.979596E-02	1.925740E-02	1.877115E-02	1.795616E-02	1.726991E-02	1.668098E-02	1.620410E-02	1.576160E-02	1.537665E-02	1.503232E-02	1.458193E-02	1.419561E-02	1.375556E-02	1.335798E-02	1.299134E-02	1.268859E-02	1.243376E-02	1.220918E-02	1.207676E-02	1.190065E-02	1.175387E-02	1.151360E-02	1.131952E-02	1.115656E-02	1.107706E-02	1.095614E-02	1.078462E-02	1.064775E-02	1.048117E-02	1.037144E-02	1.024778E-02	1.013800E-02	1.002486E-02	9.936031E-03	9.847737E-03	9.759461E-03	9.672404E-03	9.592165E-03	9.433553E-03	9.224907E-03	8.924424E-03	8.431941E-03	7.666776E-03	6.337895E-03	

0.000000E+00	0.000000E+00	0.000000E+00	0.000000E+00	0.000000E+00	0.000000E+00	0.000000E+00	0.000000E+00	0.000000E+00	0.000000E+00	0.000000E+00	0.000000E+00	0.000000E+00	0.000000E+00	0.000000E+00	0.000000E+00	0.000000E+00	2.014571E-02	1.955534E-02	1.902734E-02	1.855074E-02	1.775358E-02	1.708287E-02	1.650797E-02	1.604377E-02	1.561285E-02	1.523850E-02	1.490388E-02	1.446666E-02	1.409206E-02	1.366575E-02	1.328310E-02	1.292903E-02	1.263708E-02	1.239169E-02	1.217535E-02	1.205054E-02	1.188080E-02	1.173974E-02	1.150917E-02	1.132297E-02	1.116650E-02	1.109277E-02	1.097634E-02	1.081194E-02	1.068025E-02	1.051909E-02	1.041516E-02	1.029439E-02	1.018740E-02	1.007488E-02	9.986023E-03	9.897371E-03	9.808607E-03	9.721009E-03	9.640259E-03	9.480649E-03	9.270758E-03	8.968642E-03	8.473815E-03	7.705267E-03	6.370301E-03	

0.000000E+00	0.000000E+00	0.000000E+00	0.000000E+00	0.000000E+00	0.000000E+00	0.000000E+00	0.000000E+00	0.000000E+00	0.000000E+00	0.000000E+00	0.000000E+00	0.000000E+00	0.000000E+00	0.000000E+00	0.000000E+00	0.000000E+00	1.993202E-02	1.935300E-02	1.883543E-02	1.836836E-02	1.758888E-02	1.693357E-02	1.637254E-02	1.592100E-02	1.550156E-02	1.513772E-02	1.481273E-02	1.438854E-02	1.402554E-02	1.361279E-02	1.324503E-02	1.290336E-02	1.262204E-02	1.238591E-02	1.217764E-02	1.206047E-02	1.189690E-02	1.176140E-02	1.154025E-02	1.136167E-02	1.121141E-02	1.114337E-02	1.103117E-02	1.087349E-02	1.074659E-02	1.059032E-02	1.049170E-02	1.037327E-02	1.026841E-02	1.015592E-02	1.006655E-02	9.977112E-03	9.887460E-03	9.798948E-03	9.717353E-03	9.556121E-03	9.344202E-03	9.039390E-03	8.540593E-03	7.766284E-03	6.421277E-03	

0.000000E+00	0.000000E+00	0.000000E+00	0.000000E+00	0.000000E+00	0.000000E+00	0.000000E+00	0.000000E+00	0.000000E+00	0.000000E+00	0.000000E+00	0.000000E+00	0.000000E+00	0.000000E+00	0.000000E+00	0.000000E+00	0.000000E+00	1.976398E-02	1.919575E-02	1.868811E-02	1.823014E-02	1.746771E-02	1.682729E-02	1.627975E-02	1.584064E-02	1.543243E-02	1.507891E-02	1.476336E-02	1.435198E-02	1.400038E-02	1.360096E-02	1.324805E-02	1.291856E-02	1.264769E-02	1.242067E-02	1.222028E-02	1.211078E-02	1.195319E-02	1.182312E-02	1.161112E-02	1.143989E-02	1.129558E-02	1.123315E-02	1.112493E-02	1.097357E-02	1.085109E-02	1.069915E-02	1.060533E-02	1.048865E-02	1.038518E-02	1.027202E-02	1.018159E-02	1.009084E-02	9.999818E-03	9.909933E-03	9.827077E-03	9.663448E-03	9.448524E-03	9.139693E-03	8.634926E-03	7.852037E-03	6.492498E-03	

0.000000E+00	0.000000E+00	0.000000E+00	0.000000E+00	0.000000E+00	0.000000E+00	0.000000E+00	0.000000E+00	0.000000E+00	0.000000E+00	0.000000E+00	0.000000E+00	0.000000E+00	0.000000E+00	0.000000E+00	0.000000E+00	0.000000E+00	1.964512E-02	1.908720E-02	1.858906E-02	1.813982E-02	1.739396E-02	1.676807E-02	1.623374E-02	1.580696E-02	1.540982E-02	1.506651E-02	1.476032E-02	1.436163E-02	1.402132E-02	1.363511E-02	1.329711E-02	1.297967E-02	1.271913E-02	1.250109E-02	1.230844E-02	1.220665E-02	1.205488E-02	1.193007E-02	1.172696E-02	1.156280E-02	1.142416E-02	1.136723E-02	1.126269E-02	1.111719E-02	1.099866E-02	1.085037E-02	1.076069E-02	1.064501E-02	1.054196E-02	1.042726E-02	1.033503E-02	1.024233E-02	1.014934E-02	1.005753E-02	9.972919E-03	9.805978E-03	9.586911E-03	9.272548E-03	8.759566E-03	7.964979E-03	6.585961E-03	

0.000000E+00	0.000000E+00	0.000000E+00	0.000000E+00	0.000000E+00	0.000000E+00	0.000000E+00	0.000000E+00	0.000000E+00	0.000000E+00	0.000000E+00	0.000000E+00	0.000000E+00	0.000000E+00	0.000000E+00	0.000000E+00	0.000000E+00	1.958013E-02	1.903200E-02	1.854293E-02	1.810205E-02	1.737228E-02	1.676057E-02	1.623921E-02	1.582472E-02	1.543855E-02	1.510538E-02	1.480848E-02	1.442242E-02	1.409335E-02	1.372027E-02	1.339730E-02	1.309183E-02	1.284151E-02	1.263234E-02	1.244728E-02	1.235327E-02	1.220713E-02	1.208744E-02	1.189291E-02	1.173552E-02	1.160220E-02	1.155064E-02	1.144943E-02	1.130924E-02	1.119409E-02	1.104864E-02	1.096223E-02	1.084666E-02	1.074280E-02	1.062549E-02	1.053058E-02	1.043517E-02	1.033951E-02	1.024513E-02	1.015819E-02	9.986894E-03	9.762409E-03	9.440850E-03	8.917231E-03	8.107615E-03	6.703824E-03	

0.000000E+00	0.000000E+00	0.000000E+00	0.000000E+00	0.000000E+00	0.000000E+00	0.000000E+00	0.000000E+00	0.000000E+00	0.000000E+00	0.000000E+00	0.000000E+00	0.000000E+00	0.000000E+00	0.000000E+00	0.000000E+00	0.000000E+00	1.956567E-02	1.902709E-02	1.854688E-02	1.811417E-02	1.740036E-02	1.680275E-02	1.629430E-02	1.589224E-02	1.551705E-02	1.519409E-02	1.490653E-02	1.453316E-02	1.421537E-02	1.385544E-02	1.354776E-02	1.325423E-02	1.301409E-02	1.281373E-02	1.263615E-02	1.255012E-02	1.240945E-02	1.229474E-02	1.210855E-02	1.195764E-02	1.182935E-02	1.178311E-02	1.168494E-02	1.154960E-02	1.143738E-02	1.129409E-02	1.121044E-02	1.109426E-02	1.098883E-02	1.086818E-02	1.077006E-02	1.067145E-02	1.057269E-02	1.047534E-02	1.038571E-02	1.020939E-02	9.978674E-03	9.648790E-03	9.112694E-03	8.285024E-03	6.850768E-03	

0.000000E+00	0.000000E+00	0.000000E+00	0.000000E+00	0.000000E+00	0.000000E+00	0.000000E+00	0.000000E+00	0.000000E+00	0.000000E+00	0.000000E+00	0.000000E+00	0.000000E+00	0.000000E+00	0.000000E+00	0.000000E+00	0.000000E+00	1.958266E-02	1.905400E-02	1.858293E-02	1.815868E-02	1.746135E-02	1.687824E-02	1.638305E-02	1.599377E-02	1.562983E-02	1.531730E-02	1.503925E-02	1.467874E-02	1.437236E-02	1.402569E-02	1.373354E-02	1.345193E-02	1.322192E-02	1.303029E-02	1.286006E-02	1.278213E-02	1.264676E-02	1.253689E-02	1.235875E-02	1.221403E-02	1.209049E-02	1.204952E-02	1.195410E-02	1.182318E-02	1.171351E-02	1.157183E-02	1.149055E-02	1.137330E-02	1.126592E-02	1.114163E-02	1.104013E-02	1.093818E-02	1.083619E-02	1.073574E-02	1.064332E-02	1.046177E-02	1.022452E-02	9.885806E-03	9.336192E-03	8.488405E-03	7.019454E-03	

0.000000E+00	0.000000E+00	0.000000E+00	0.000000E+00	0.000000E+00	0.000000E+00	0.000000E+00	0.000000E+00	0.000000E+00	0.000000E+00	0.000000E+00	0.000000E+00	0.000000E+00	0.000000E+00	0.000000E+00	0.000000E+00	0.000000E+00	1.963045E-02	1.911218E-02	1.865063E-02	1.823519E-02	1.755501E-02	1.698691E-02	1.650538E-02	1.612935E-02	1.577694E-02	1.547509E-02	1.520672E-02	1.485930E-02	1.456445E-02	1.423113E-02	1.395473E-02	1.368500E-02	1.346503E-02	1.328200E-02	1.311897E-02	1.304917E-02	1.291891E-02	1.281369E-02	1.264327E-02	1.250439E-02	1.238525E-02	1.234937E-02	1.225639E-02	1.212939E-02	1.202179E-02	1.188112E-02	1.180169E-02	1.168283E-02	1.157299E-02	1.144461E-02	1.133943E-02	1.123387E-02	1.112839E-02	1.102461E-02	1.092920E-02	1.074200E-02	1.049770E-02	1.014944E-02	9.585108E-03	8.715221E-03	7.207819E-03	

0.000000E+00	0.000000E+00	0.000000E+00	0.000000E+00	0.000000E+00	0.000000E+00	0.000000E+00	0.000000E+00	0.000000E+00	0.000000E+00	0.000000E+00	0.000000E+00	0.000000E+00	0.000000E+00	0.000000E+00	0.000000E+00	0.000000E+00	1.971187E-02	1.920451E-02	1.875290E-02	1.834666E-02	1.768434E-02	1.713179E-02	1.666438E-02	1.630207E-02	1.596153E-02	1.567061E-02	1.541215E-02	1.507802E-02	1.479486E-02	1.447499E-02	1.421459E-02	1.395669E-02	1.374666E-02	1.357212E-02	1.341611E-02	1.335449E-02	1.322913E-02	1.312838E-02	1.296531E-02	1.283192E-02	1.271682E-02	1.268588E-02	1.259501E-02	1.247143E-02	1.236546E-02	1.222516E-02	1.214711E-02	1.202612E-02	1.191333E-02	1.178045E-02	1.167132E-02	1.156189E-02	1.145268E-02	1.134534E-02	1.124672E-02	1.105346E-02	1.080158E-02	1.044298E-02	9.862568E-03	8.968294E-03	7.418140E-03	

0.000000E+00	0.000000E+00	0.000000E+00	0.000000E+00	0.000000E+00	0.000000E+00	0.000000E+00	0.000000E+00	0.000000E+00	0.000000E+00	0.000000E+00	0.000000E+00	0.000000E+00	0.000000E+00	0.000000E+00	0.000000E+00	0.000000E+00	1.982859E-02	1.933274E-02	1.889159E-02	1.849499E-02	1.785137E-02	1.731502E-02	1.686223E-02	1.651420E-02	1.618589E-02	1.590623E-02	1.565790E-02	1.533732E-02	1.506599E-02	1.475969E-02	1.451556E-02	1.426945E-02	1.406928E-02	1.390308E-02	1.375392E-02	1.370053E-02	1.357985E-02	1.348337E-02	1.332729E-02	1.319902E-02	1.308760E-02	1.306146E-02	1.297235E-02	1.285167E-02	1.274685E-02	1.260629E-02	1.252917E-02	1.240553E-02	1.228937E-02	1.215161E-02	1.203827E-02	1.192475E-02	1.181160E-02	1.170048E-02	1.159847E-02	1.139876E-02	1.113877E-02	1.076907E-02	1.017119E-02	9.250099E-03	7.652518E-03	

0.000000E+00	0.000000E+00	0.000000E+00	0.000000E+00	0.000000E+00	0.000000E+00	0.000000E+00	0.000000E+00	0.000000E+00	0.000000E+00	0.000000E+00	0.000000E+00	0.000000E+00	0.000000E+00	0.000000E+00	0.000000E+00	0.000000E+00	1.998273E-02	1.949905E-02	1.906886E-02	1.868239E-02	1.805834E-02	1.753885E-02	1.710122E-02	1.676803E-02	1.645232E-02	1.618422E-02	1.594625E-02	1.563947E-02	1.538014E-02	1.508750E-02	1.485990E-02	1.462552E-02	1.443509E-02	1.427708E-02	1.413455E-02	1.408942E-02	1.397318E-02	1.388077E-02	1.373128E-02	1.360774E-02	1.349960E-02	1.347814E-02	1.339045E-02	1.327213E-02	1.316799E-02	1.302653E-02	1.294988E-02	1.282309E-02	1.270313E-02	1.256013E-02	1.244234E-02	1.232449E-02	1.220717E-02	1.209205E-02	1.198644E-02	1.177987E-02	1.151123E-02	1.112959E-02	1.051277E-02	9.562282E-03	7.912321E-03	

0.000000E+00	0.000000E+00	0.000000E+00	0.000000E+00	0.000000E+00	0.000000E+00	0.000000E+00	0.000000E+00	0.000000E+00	0.000000E+00	0.000000E+00	0.000000E+00	0.000000E+00	0.000000E+00	0.000000E+00	0.000000E+00	0.000000E+00	2.017527E-02	1.970453E-02	1.928594E-02	1.891017E-02	1.830672E-02	1.780486E-02	1.738300E-02	1.706531E-02	1.676263E-02	1.650646E-02	1.627911E-02	1.598641E-02	1.573925E-02	1.546040E-02	1.524963E-02	1.502692E-02	1.484612E-02	1.469614E-02	1.456005E-02	1.452316E-02	1.441112E-02	1.432255E-02	1.417927E-02	1.406008E-02	1.395484E-02	1.393795E-02	1.385132E-02	1.373483E-02	1.363088E-02	1.348787E-02	1.341128E-02	1.328080E-02	1.315660E-02	1.300793E-02	1.288537E-02	1.276291E-02	1.264114E-02	1.252174E-02	1.241228E-02	1.219836E-02	1.192044E-02	1.152597E-02	1.088865E-02	9.906135E-03	8.198720E-03	

0.000000E+00	0.000000E+00	0.000000E+00	0.000000E+00	0.000000E+00	0.000000E+00	0.000000E+00	0.000000E+00	0.000000E+00	0.000000E+00	0.000000E+00	0.000000E+00	0.000000E+00	0.000000E+00	0.000000E+00	0.000000E+00	0.000000E+00	2.040782E-02	1.995085E-02	1.954455E-02	1.918007E-02	1.859832E-02	1.811491E-02	1.770947E-02	1.740796E-02	1.711876E-02	1.687488E-02	1.665842E-02	1.638006E-02	1.614524E-02	1.588028E-02	1.568663E-02	1.547550E-02	1.530418E-02	1.516206E-02	1.503217E-02	1.500344E-02	1.489535E-02	1.481041E-02	1.467292E-02	1.455767E-02	1.445492E-02	1.444250E-02	1.435656E-02	1.424137E-02	1.413714E-02	1.399195E-02	1.391502E-02	1.378035E-02	1.365151E-02	1.349676E-02	1.336915E-02	1.324179E-02	1.311528E-02	1.299133E-02	1.287777E-02	1.265599E-02	1.236815E-02	1.195990E-02	1.130046E-02	1.028315E-02	8.512959E-03	

0.000000E+00	0.000000E+00	0.000000E+00	0.000000E+00	0.000000E+00	0.000000E+00	0.000000E+00	0.000000E+00	0.000000E+00	0.000000E+00	0.000000E+00	0.000000E+00	0.000000E+00	0.000000E+00	0.000000E+00	0.000000E+00	0.000000E+00	2.068200E-02	2.023971E-02	1.984642E-02	1.949390E-02	1.893500E-02	1.847089E-02	1.808253E-02	1.779789E-02	1.752262E-02	1.729139E-02	1.708608E-02	1.682232E-02	1.659998E-02	1.634896E-02	1.617268E-02	1.597299E-02	1.581098E-02	1.567650E-02	1.555254E-02	1.553192E-02	1.542748E-02	1.534591E-02	1.521378E-02	1.510204E-02	1.500138E-02	1.499332E-02	1.490770E-02	1.479327E-02	1.468830E-02	1.454030E-02	1.446272E-02	1.432340E-02	1.418966E-02	1.402851E-02	1.389564E-02	1.376315E-02	1.363165E-02	1.350290E-02	1.338502E-02	1.315491E-02	1.285650E-02	1.243352E-02	1.175027E-02	1.069524E-02	8.856632E-03	

0.000000E+00	0.000000E+00	0.000000E+00	0.000000E+00	0.000000E+00	0.000000E+00	0.000000E+00	0.000000E+00	0.000000E+00	0.000000E+00	0.000000E+00	0.000000E+00	0.000000E+00	0.000000E+00	0.000000E+00	0.000000E+00	0.000000E+00	2.099876E-02	2.057218E-02	2.019274E-02	1.985294E-02	1.931821E-02	1.887435E-02	1.850378E-02	1.823680E-02	1.797594E-02	1.775775E-02	1.756385E-02	1.731495E-02	1.710522E-02	1.686820E-02	1.670954E-02	1.652115E-02	1.636826E-02	1.624118E-02	1.612288E-02	1.611035E-02	1.600927E-02	1.593082E-02	1.580360E-02	1.569494E-02	1.559595E-02	1.559221E-02	1.550655E-02	1.539240E-02	1.528628E-02	1.513493E-02	1.505654E-02	1.491227E-02	1.477358E-02	1.460592E-02	1.446772E-02	1.432999E-02	1.419334E-02	1.405963E-02	1.393725E-02	1.369841E-02	1.338886E-02	1.295023E-02	1.224136E-02	1.114537E-02	9.232083E-03	

0.000000E+00	0.000000E+00	0.000000E+00	0.000000E+00	0.000000E+00	0.000000E+00	0.000000E+00	0.000000E+00	0.000000E+00	0.000000E+00	0.000000E+00	0.000000E+00	0.000000E+00	0.000000E+00	0.000000E+00	0.000000E+00	0.000000E+00	2.135995E-02	2.095015E-02	2.058541E-02	2.025907E-02	1.974984E-02	1.932716E-02	1.897511E-02	1.872653E-02	1.848056E-02	1.827576E-02	1.809353E-02	1.785970E-02	1.766268E-02	1.743966E-02	1.729880E-02	1.712151E-02	1.697751E-02	1.685757E-02	1.674462E-02	1.674019E-02	1.664216E-02	1.656656E-02	1.644378E-02	1.633777E-02	1.624004E-02	1.624056E-02	1.615452E-02	1.604020E-02	1.593252E-02	1.577733E-02	1.569806E-02	1.554858E-02	1.540502E-02	1.523080E-02	1.508726E-02	1.494422E-02	1.480231E-02	1.466347E-02	1.453643E-02	1.428849E-02	1.396721E-02	1.351194E-02	1.277557E-02	1.163519E-02	9.640699E-03	

0.000000E+00	0.000000E+00	0.000000E+00	0.000000E+00	0.000000E+00	0.000000E+00	0.000000E+00	0.000000E+00	0.000000E+00	0.000000E+00	0.000000E+00	0.000000E+00	0.000000E+00	0.000000E+00	0.000000E+00	0.000000E+00	0.000000E+00	2.176689E-02	2.137501E-02	2.102590E-02	2.071384E-02	2.023151E-02	1.983101E-02	1.949821E-02	1.926881E-02	1.903821E-02	1.884717E-02	1.867682E-02	1.845826E-02	1.827402E-02	1.806495E-02	1.794195E-02	1.777553E-02	1.764016E-02	1.752708E-02	1.741915E-02	1.742284E-02	1.732750E-02	1.725447E-02	1.713563E-02	1.703182E-02	1.693494E-02	1.693969E-02	1.685291E-02	1.673795E-02	1.662834E-02	1.646879E-02	1.638856E-02	1.623361E-02	1.608524E-02	1.590438E-02	1.575548E-02	1.560704E-02	1.545974E-02	1.531562E-02	1.518378E-02	1.492636E-02	1.459282E-02	1.412001E-02	1.335430E-02	1.216616E-02	1.008380E-02	

0.000000E+00	0.000000E+00	0.000000E+00	0.000000E+00	0.000000E+00	0.000000E+00	0.000000E+00	0.000000E+00	0.000000E+00	0.000000E+00	0.000000E+00	0.000000E+00	0.000000E+00	0.000000E+00	0.000000E+00	0.000000E+00	0.000000E+00	2.222122E-02	2.184849E-02	2.151598E-02	2.121906E-02	2.076511E-02	2.038778E-02	2.007495E-02	1.986553E-02	1.965076E-02	1.947383E-02	1.931557E-02	1.911242E-02	1.894099E-02	1.874577E-02	1.864047E-02	1.848465E-02	1.835764E-02	1.825111E-02	1.814784E-02	1.815966E-02	1.806665E-02	1.799588E-02	1.788046E-02	1.777836E-02	1.768187E-02	1.769080E-02	1.760291E-02	1.748678E-02	1.737478E-02	1.721025E-02	1.712881E-02	1.696792E-02	1.681443E-02	1.662655E-02	1.647202E-02	1.631791E-02	1.616495E-02	1.601527E-02	1.587842E-02	1.561105E-02	1.526464E-02	1.477340E-02	1.397672E-02	1.273776E-02	1.056130E-02	

0.000000E+00	0.000000E+00	0.000000E+00	0.000000E+00	0.000000E+00	0.000000E+00	0.000000E+00	0.000000E+00	0.000000E+00	0.000000E+00	0.000000E+00	0.000000E+00	0.000000E+00	0.000000E+00	0.000000E+00	0.000000E+00	0.000000E+00	2.272497E-02	2.237263E-02	2.205770E-02	2.177680E-02	2.135271E-02	2.099950E-02	2.070734E-02	2.051864E-02	2.032012E-02	2.015758E-02	2.001156E-02	1.982391E-02	1.966525E-02	1.948371E-02	1.939588E-02	1.925034E-02	1.913137E-02	1.903104E-02	1.893205E-02	1.895203E-02	1.886097E-02	1.879216E-02	1.867965E-02	1.857881E-02	1.848230E-02	1.849543E-02	1.840610E-02	1.828840E-02	1.817367E-02	1.800372E-02	1.792109E-02	1.775402E-02	1.759543E-02	1.740037E-02	1.724012E-02	1.708018E-02	1.692135E-02	1.676591E-02	1.662384E-02	1.634610E-02	1.598621E-02	1.547557E-02	1.464607E-02	1.335286E-02	1.107549E-02	

0.000000E+00	0.000000E+00	0.000000E+00	0.000000E+00	0.000000E+00	0.000000E+00	0.000000E+00	0.000000E+00	0.000000E+00	0.000000E+00	0.000000E+00	0.000000E+00	0.000000E+00	0.000000E+00	0.000000E+00	0.000000E+00	0.000000E+00	2.328636E-02	2.295556E-02	2.265909E-02	2.239496E-02	2.200206E-02	2.167378E-02	2.140280E-02	2.123547E-02	2.105351E-02	2.090556E-02	2.077185E-02	2.059964E-02	2.045361E-02	2.028544E-02	2.021486E-02	2.007918E-02	1.996787E-02	1.987337E-02	1.977825E-02	1.980643E-02	1.971694E-02	1.964978E-02	1.953968E-02	1.943969E-02	1.934279E-02	1.936023E-02	1.926917E-02	1.914961E-02	1.903191E-02	1.885622E-02	1.877268E-02	1.859935E-02	1.843599E-02	1.823375E-02	1.806778E-02	1.790191E-02	1.773702E-02	1.757559E-02	1.742812E-02	1.713949E-02	1.676535E-02	1.623408E-02	1.536940E-02	1.401772E-02	1.163135E-02	

0.000000E+00	0.000000E+00	0.000000E+00	0.000000E+00	0.000000E+00	0.000000E+00	0.000000E+00	0.000000E+00	0.000000E+00	0.000000E+00	0.000000E+00	0.000000E+00	0.000000E+00	0.000000E+00	0.000000E+00	0.000000E+00	0.000000E+00	2.390887E-02	2.360077E-02	2.332365E-02	2.307708E-02	2.271670E-02	2.241412E-02	2.216482E-02	2.201945E-02	2.185430E-02	2.172109E-02	2.159971E-02	2.144284E-02	2.130924E-02	2.115408E-02	2.110059E-02	2.097431E-02	2.087024E-02	2.078117E-02	2.068950E-02	2.072597E-02	2.063766E-02	2.057187E-02	2.046375E-02	2.036425E-02	2.026665E-02	2.028859E-02	2.019560E-02	2.007403E-02	1.995329E-02	1.977175E-02	1.968797E-02	1.950862E-02	1.934133E-02	1.913226E-02	1.896080E-02	1.878903E-02	1.861799E-02	1.845040E-02	1.829731E-02	1.799726E-02	1.760802E-02	1.705466E-02	1.615197E-02	1.473690E-02	1.223241E-02	

0.000000E+00	0.000000E+00	0.000000E+00	0.000000E+00	0.000000E+00	0.000000E+00	0.000000E+00	0.000000E+00	0.000000E+00	0.000000E+00	0.000000E+00	0.000000E+00	0.000000E+00	0.000000E+00	0.000000E+00	0.000000E+00	0.000000E+00	2.459001E-02	2.430593E-02	2.404917E-02	2.382101E-02	2.349466E-02	2.321860E-02	2.299148E-02	2.286865E-02	2.272055E-02	2.260220E-02	2.249315E-02	2.235149E-02	2.223009E-02	2.208755E-02	2.205098E-02	2.193361E-02	2.183634E-02	2.175229E-02	2.166364E-02	2.170848E-02	2.162097E-02	2.155627E-02	2.144971E-02	2.135036E-02	2.125178E-02	2.127844E-02	2.118334E-02	2.105970E-02	2.093589E-02	2.074849E-02	2.066524E-02	2.048022E-02	2.030999E-02	2.009457E-02	1.991797E-02	1.974044E-02	1.956324E-02	1.938938E-02	1.923055E-02	1.891867E-02	1.851359E-02	1.793675E-02	1.699330E-02	1.550993E-02	1.287821E-02	

0.000000E+00	0.000000E+00	0.000000E+00	0.000000E+00	0.000000E+00	0.000000E+00	0.000000E+00	0.000000E+00	0.000000E+00	0.000000E+00	0.000000E+00	0.000000E+00	0.000000E+00	0.000000E+00	0.000000E+00	0.000000E+00	0.000000E+00	2.533351E-02	2.507475E-02	2.483930E-02	2.463039E-02	2.433950E-02	2.409068E-02	2.388614E-02	2.378615E-02	2.365516E-02	2.355167E-02	2.345485E-02	2.332821E-02	2.321872E-02	2.308833E-02	2.306844E-02	2.295939E-02	2.286841E-02	2.278890E-02	2.270280E-02	2.275609E-02	2.266896E-02	2.260503E-02	2.249951E-02	2.239989E-02	2.229997E-02	2.233149E-02	2.223401E-02	2.210805E-02	2.198098E-02	2.178744E-02	2.170507E-02	2.151438E-02	2.134172E-02	2.112011E-02	2.093856E-02	2.075531E-02	2.057190E-02	2.039167E-02	2.022699E-02	1.990292E-02	1.948141E-02	1.887999E-02	1.789348E-02	1.633746E-02	1.356983E-02	

0.000000E+00	0.000000E+00	0.000000E+00	0.000000E+00	0.000000E+00	0.000000E+00	0.000000E+00	0.000000E+00	0.000000E+00	0.000000E+00	0.000000E+00	0.000000E+00	0.000000E+00	0.000000E+00	0.000000E+00	0.000000E+00	0.000000E+00	2.614425E-02	2.591209E-02	2.569886E-02	2.550998E-02	2.525592E-02	2.503495E-02	2.485326E-02	2.477608E-02	2.466204E-02	2.457322E-02	2.448849E-02	2.437660E-02	2.427866E-02	2.415984E-02	2.415633E-02	2.405491E-02	2.396962E-02	2.389408E-02	2.380997E-02	2.387174E-02	2.378448E-02	2.372092E-02	2.361578E-02	2.351532E-02	2.341351E-02	2.344986E-02	2.334956E-02	2.322066E-02	2.308974E-02	2.288921E-02	2.280731E-02	2.261024E-02	2.243471E-02	2.220647E-02	2.201982E-02	2.183070E-02	2.164094E-02	2.145419E-02	2.128357E-02	2.094709E-02	2.050882E-02	1.988214E-02	1.885103E-02	1.721898E-02	1.430762E-02	

0.000000E+00	0.000000E+00	0.000000E+00	0.000000E+00	0.000000E+00	0.000000E+00	0.000000E+00	0.000000E+00	0.000000E+00	0.000000E+00	0.000000E+00	0.000000E+00	0.000000E+00	0.000000E+00	0.000000E+00	0.000000E+00	0.000000E+00	2.702832E-02	2.682395E-02	2.663376E-02	2.646561E-02	2.624964E-02	2.605695E-02	2.589825E-02	2.584381E-02	2.574647E-02	2.567209E-02	2.559919E-02	2.550169E-02	2.541487E-02	2.530699E-02	2.531953E-02	2.522505E-02	2.514487E-02	2.507280E-02	2.499019E-02	2.506060E-02	2.497277E-02	2.490929E-02	2.480407E-02	2.470238E-02	2.459835E-02	2.463974E-02	2.453637E-02	2.440431E-02	2.426934E-02	2.406147E-02	2.398026E-02	2.377662E-02	2.359841E-02	2.336340E-02	2.317166E-02	2.297655E-02	2.278026E-02	2.258680E-02	2.241004E-02	2.206071E-02	2.160500E-02	2.095179E-02	1.987361E-02	1.816089E-02	1.509635E-02	

0.000000E+00	0.000000E+00	0.000000E+00	0.000000E+00	0.000000E+00	0.000000E+00	0.000000E+00	0.000000E+00	0.000000E+00	0.000000E+00	0.000000E+00	0.000000E+00	0.000000E+00	0.000000E+00	0.000000E+00	0.000000E+00	0.000000E+00	2.799319E-02	2.781771E-02	2.765125E-02	2.750443E-02	2.732764E-02	2.716349E-02	2.702772E-02	2.699592E-02	2.691497E-02	2.685472E-02	2.679331E-02	2.670972E-02	2.663350E-02	2.653586E-02	2.656415E-02	2.647595E-02	2.640036E-02	2.633135E-02	2.624983E-02	2.632916E-02	2.624046E-02	2.617687E-02	2.607136E-02	2.596834E-02	2.586202E-02	2.590895E-02	2.580252E-02	2.566759E-02	2.552881E-02	2.531380E-02	2.523438E-02	2.502453E-02	2.484454E-02	2.460295E-02	2.440622E-02	2.420499E-02	2.400190E-02	2.380138E-02	2.361813E-02	2.325514E-02	2.278074E-02	2.209899E-02	2.097006E-02	1.917058E-02	1.594165E-02	

0.000000E+00	0.000000E+00	0.000000E+00	0.000000E+00	0.000000E+00	0.000000E+00	0.000000E+00	0.000000E+00	0.000000E+00	0.000000E+00	0.000000E+00	0.000000E+00	0.000000E+00	0.000000E+00	0.000000E+00	0.000000E+00	0.000000E+00	2.904896E-02	2.890337E-02	2.876119E-02	2.863615E-02	2.849949E-02	2.836392E-02	2.825086E-02	2.824156E-02	2.817664E-02	2.813014E-02	2.807981E-02	2.800953E-02	2.794330E-02	2.785512E-02	2.789891E-02	2.781635E-02	2.774490E-02	2.767860E-02	2.759787E-02	2.768659E-02	2.759680E-02	2.753307E-02	2.742735E-02	2.732320E-02	2.721480E-02	2.726812E-02	2.715893E-02	2.702197E-02	2.688013E-02	2.665886E-02	2.658323E-02	2.636816E-02	2.618813E-02	2.594053E-02	2.573904E-02	2.553156E-02	2.532130E-02	2.511322E-02	2.492297E-02	2.454511E-02	2.405020E-02	2.333694E-02	2.215215E-02	2.025787E-02	1.685085E-02	

0.000000E+00	0.000000E+00	0.000000E+00	0.000000E+00	0.000000E+00	0.000000E+00	0.000000E+00	0.000000E+00	0.000000E+00	0.000000E+00	0.000000E+00	0.000000E+00	0.000000E+00	0.000000E+00	0.000000E+00	0.000000E+00	0.000000E+00	3.020877E-02	3.009390E-02	2.997634E-02	2.987335E-02	2.977738E-02	2.967022E-02	2.957945E-02	2.959247E-02	2.954308E-02	2.950985E-02	2.947009E-02	2.941239E-02	2.935545E-02	2.927585E-02	2.933487E-02	2.925724E-02	2.918942E-02	2.912544E-02	2.904514E-02	2.914374E-02	2.905263E-02	2.898867E-02	2.888277E-02	2.877761E-02	2.866730E-02	2.872785E-02	2.861611E-02	2.847788E-02	2.833364E-02	2.810684E-02	2.803695E-02	2.781756E-02	2.763921E-02	2.738615E-02	2.718014E-02	2.696628E-02	2.674848E-02	2.653233E-02	2.633452E-02	2.594053E-02	2.542316E-02	2.467529E-02	2.342922E-02	2.143151E-02	1.783138E-02	

0.000000E+00	0.000000E+00	0.000000E+00	0.000000E+00	0.000000E+00	0.000000E+00	0.000000E+00	0.000000E+00	0.000000E+00	0.000000E+00	0.000000E+00	0.000000E+00	0.000000E+00	0.000000E+00	0.000000E+00	0.000000E+00	0.000000E+00	3.149084E-02	3.140724E-02	3.131432E-02	3.123330E-02	3.117771E-02	3.109858E-02	3.102958E-02	3.106463E-02	3.103010E-02	3.100949E-02	3.097964E-02	3.093352E-02	3.088489E-02	3.081264E-02	3.088630E-02	3.081244E-02	3.074730E-02	3.068481E-02	3.060411E-02	3.071269E-02	3.061951E-02	3.055477E-02	3.044780E-02	3.034083E-02	3.022787E-02	3.029575E-02	3.018086E-02	3.004065E-02	2.989341E-02	2.966025E-02	2.959626E-02	2.937219E-02	2.919613E-02	2.893780E-02	2.872759E-02	2.850752E-02	2.828217E-02	2.805781E-02	2.785230E-02	2.744158E-02	2.690083E-02	2.611661E-02	2.480561E-02	2.269734E-02	1.888955E-02	

0.000000E+00	0.000000E+00	0.000000E+00	0.000000E+00	0.000000E+00	0.000000E+00	0.000000E+00	0.000000E+00	0.000000E+00	0.000000E+00	0.000000E+00	0.000000E+00	0.000000E+00	0.000000E+00	0.000000E+00	0.000000E+00	0.000000E+00	3.296681E-02	3.291469E-02	3.284601E-02	3.278654E-02	3.277034E-02	3.271876E-02	3.267104E-02	3.272812E-02	3.270784E-02	3.269930E-02	3.267873E-02	3.264324E-02	3.260198E-02	3.253588E-02	3.262397E-02	3.255268E-02	3.248915E-02	3.242715E-02	3.234499E-02	3.246382E-02	3.236751E-02	3.230112E-02	3.219161E-02	3.208140E-02	3.196434E-02	3.203938E-02	3.192002E-02	3.177586E-02	3.162390E-02	3.138196E-02	3.132262E-02	3.109208E-02	3.091773E-02	3.065352E-02	3.043903E-02	3.021276E-02	2.997972E-02	2.974691E-02	2.953342E-02	2.910519E-02	2.853991E-02	2.771720E-02	2.633650E-02	2.410755E-02	2.007000E-02	

0.000000E+00	0.000000E+00	0.000000E+00	0.000000E+00	0.000000E+00	0.000000E+00	0.000000E+00	0.000000E+00	0.000000E+00	0.000000E+00	0.000000E+00	0.000000E+00	0.000000E+00	0.000000E+00	0.000000E+00	0.000000E+00	0.000000E+00	3.465637E-02	3.463618E-02	3.459138E-02	3.455305E-02	3.457547E-02	3.455099E-02	3.452404E-02	3.460322E-02	3.459658E-02	3.459956E-02	3.458768E-02	3.456192E-02	3.452717E-02	3.446611E-02	3.456876E-02	3.449903E-02	3.443631E-02	3.437406E-02	3.428963E-02	3.441939E-02	3.431913E-02	3.425052E-02	3.413758E-02	3.402320E-02	3.390106E-02	3.398364E-02	3.385885E-02	3.370951E-02	3.355165E-02	3.329909E-02	3.324384E-02	3.300531E-02	3.283214E-02	3.256110E-02	3.234183E-02	3.210884E-02	3.186742E-02	3.162537E-02	3.140316E-02	3.095565E-02	3.036345E-02	2.949847E-02	2.804106E-02	2.567861E-02	2.138575E-02	

0.000000E+00	0.000000E+00	0.000000E+00	0.000000E+00	0.000000E+00	0.000000E+00	0.000000E+00	0.000000E+00	0.000000E+00	0.000000E+00	0.000000E+00	0.000000E+00	0.000000E+00	0.000000E+00	0.000000E+00	0.000000E+00	0.000000E+00	3.660975E-02	3.662222E-02	3.660085E-02	3.658331E-02	3.664401E-02	3.664624E-02	3.663959E-02	3.674108E-02	3.674759E-02	3.676172E-02	3.675808E-02	3.674146E-02	3.671262E-02	3.665595E-02	3.677414E-02	3.670562E-02	3.664358E-02	3.658108E-02	3.649426E-02	3.663660E-02	3.653224E-02	3.646152E-02	3.634558E-02	3.622735E-02	3.610026E-02	3.619207E-02	3.606179E-02	3.590768E-02	3.574402E-02	3.548032E-02	3.543036E-02	3.518295E-02	3.501069E-02	3.473107E-02	3.450547E-02	3.426406E-02	3.401235E-02	3.375906E-02	3.352621E-02	3.305553E-02	3.243127E-02	3.151652E-02	2.997011E-02	2.745478E-02	2.287202E-02	

0.000000E+00	0.000000E+00	0.000000E+00	0.000000E+00	0.000000E+00	0.000000E+00	0.000000E+00	0.000000E+00	0.000000E+00	0.000000E+00	0.000000E+00	0.000000E+00	0.000000E+00	0.000000E+00	0.000000E+00	0.000000E+00	0.000000E+00	3.892956E-02	3.897582E-02	3.897744E-02	3.898037E-02	3.907965E-02	3.910838E-02	3.912170E-02	3.924617E-02	3.926558E-02	3.929076E-02	3.929516E-02	3.928745E-02	3.926431E-02	3.921184E-02	3.934777E-02	3.928079E-02	3.922005E-02	3.915803E-02	3.906934E-02	3.922724E-02	3.911917E-02	3.904713E-02	3.892992E-02	3.880931E-02	3.867834E-02	3.878257E-02	3.864749E-02	3.849047E-02	3.832217E-02	3.804779E-02	3.800595E-02	3.774900E-02	3.757740E-02	3.728630E-02	3.705153E-02	3.679851E-02	3.653301E-02	3.626489E-02	3.601805E-02	3.551750E-02	3.485231E-02	3.387525E-02	3.221998E-02	2.952203E-02	2.459882E-02	

0.000000E+00	0.000000E+00	0.000000E+00	0.000000E+00	0.000000E+00	0.000000E+00	0.000000E+00	0.000000E+00	0.000000E+00	0.000000E+00	0.000000E+00	0.000000E+00	0.000000E+00	0.000000E+00	0.000000E+00	0.000000E+00	0.000000E+00	4.179613E-02	4.187789E-02	4.190230E-02	4.192562E-02	4.206457E-02	4.211992E-02	4.215308E-02	4.230191E-02	4.233409E-02	4.237039E-02	4.238263E-02	4.238356E-02	4.236576E-02	4.231699E-02	4.247345E-02	4.240796E-02	4.234881E-02	4.228767E-02	4.219721E-02	4.237434E-02	4.226246E-02	4.218954E-02	4.207228E-02	4.195023E-02	4.181593E-02	4.193636E-02	4.179658E-02	4.163797E-02	4.146558E-02	4.117991E-02	4.114921E-02	4.088117E-02	4.070959E-02	4.040299E-02	4.015527E-02	3.988638E-02	3.960242E-02	3.931470E-02	3.904936E-02	3.850993E-02	3.779189E-02	3.673535E-02	3.494354E-02	3.202045E-02	2.668287E-02	

0.000000E+00	0.000000E+00	0.000000E+00	0.000000E+00	0.000000E+00	0.000000E+00	0.000000E+00	0.000000E+00	0.000000E+00	0.000000E+00	0.000000E+00	0.000000E+00	0.000000E+00	0.000000E+00	0.000000E+00	0.000000E+00	0.000000E+00	4.525873E-02	4.537466E-02	4.541995E-02	4.546181E-02	4.563837E-02	4.571763E-02	4.576794E-02	4.594048E-02	4.598341E-02	4.602911E-02	4.604737E-02	4.605435E-02	4.603943E-02	4.599120E-02	4.616814E-02	4.610130E-02	4.604140E-02	4.597905E-02	4.588460E-02	4.608283E-02	4.596498E-02	4.588975E-02	4.577032E-02	4.564499E-02	4.550558E-02	4.564423E-02	4.549817E-02	4.533675E-02	4.515905E-02	4.486004E-02	4.484347E-02	4.456364E-02	4.439511E-02	4.407295E-02	4.381217E-02	4.352633E-02	4.322215E-02	4.291263E-02	4.262661E-02	4.204314E-02	4.126473E-02	4.011656E-02	3.816564E-02	3.497790E-02	2.915076E-02	

0.000000E+00	0.000000E+00	0.000000E+00	0.000000E+00	0.000000E+00	0.000000E+00	0.000000E+00	0.000000E+00	0.000000E+00	0.000000E+00	0.000000E+00	0.000000E+00	0.000000E+00	0.000000E+00	0.000000E+00	0.000000E+00	0.000000E+00	5.061104E-02	5.076860E-02	5.083968E-02	5.090413E-02	5.112892E-02	5.123748E-02	5.130829E-02	5.151288E-02	5.156884E-02	5.162600E-02	5.165098E-02	5.166381E-02	5.165036E-02	5.159920E-02	5.180244E-02	5.172924E-02	5.166377E-02	5.159525E-02	5.149054E-02	5.171635E-02	5.158545E-02	5.150275E-02	5.137260E-02	5.123572E-02	5.108282E-02	5.124374E-02	5.108347E-02	5.090993E-02	5.071788E-02	5.039199E-02	5.039011E-02	5.008896E-02	4.992285E-02	4.957795E-02	4.929885E-02	4.898894E-02	4.865606E-02	4.831553E-02	4.800016E-02	4.735366E-02	4.648847E-02	4.520740E-02	4.302250E-02	3.944043E-02	3.287746E-02	

0.000000E+00	0.000000E+00	0.000000E+00	0.000000E+00	0.000000E+00	0.000000E+00	0.000000E+00	0.000000E+00	0.000000E+00	0.000000E+00	0.000000E+00	0.000000E+00	0.000000E+00	0.000000E+00	0.000000E+00	0.000000E+00	0.000000E+00	5.976956E-02	5.998473E-02	6.009147E-02	6.018694E-02	6.048249E-02	6.063265E-02	6.073239E-02	6.098749E-02	6.106281E-02	6.113735E-02	6.117223E-02	6.119321E-02	6.118110E-02	6.112360E-02	6.136930E-02	6.128388E-02	6.120711E-02	6.112620E-02	6.100211E-02	6.127206E-02	6.111688E-02	6.101922E-02	6.086621E-02	6.070545E-02	6.052576E-02	6.072027E-02	6.053234E-02	6.033190E-02	6.011004E-02	5.973236E-02	5.974767E-02	5.940545E-02	5.923738E-02	5.885118E-02	5.853928E-02	5.818744E-02	5.780557E-02	5.741249E-02	5.704764E-02	5.629526E-02	5.528466E-02	5.378116E-02	5.120387E-02	4.695893E-02	3.915688E-02	

0.000000E+00	0.000000E+00	0.000000E+00	0.000000E+00	0.000000E+00	0.000000E+00	0.000000E+00	0.000000E+00	0.000000E+00	0.000000E+00	0.000000E+00	0.000000E+00	0.000000E+00	0.000000E+00	0.000000E+00	0.000000E+00	0.000000E+00	7.661455E-02	7.692307E-02	7.708687E-02	7.723246E-02	7.764955E-02	7.787199E-02	7.802381E-02	7.837283E-02	7.848619E-02	7.859606E-02	7.865306E-02	7.869544E-02	7.869252E-02	7.863241E-02	7.896623E-02	7.886827E-02	7.877937E-02	7.868339E-02	7.853053E-02	7.888707E-02	7.869249E-02	7.857176E-02	7.838385E-02	7.818465E-02	7.795972E-02	7.821849E-02	7.798164E-02	7.773377E-02	7.745730E-02	7.698306E-02	7.702446E-02	7.660053E-02	7.641629E-02	7.594326E-02	7.556149E-02	7.512436E-02	7.464560E-02	7.415010E-02	7.368931E-02	7.273442E-02	7.144799E-02	6.952666E-02	6.621919E-02	6.075006E-02	5.067043E-02	

0.000000E+00	0.000000E+00	0.000000E+00	0.000000E+00	0.000000E+00	0.000000E+00	0.000000E+00	0.000000E+00	0.000000E+00	0.000000E+00	0.000000E+00	0.000000E+00	0.000000E+00	0.000000E+00	0.000000E+00	0.000000E+00	0.000000E+00	1.039386E-01	1.043812E-01	1.046245E-01	1.048409E-01	1.054430E-01	1.057777E-01	1.060139E-01	1.065194E-01	1.067005E-01	1.068755E-01	1.069772E-01	1.070690E-01	1.070962E-01	1.070526E-01	1.075555E-01	1.074615E-01	1.073751E-01	1.072749E-01	1.070939E-01	1.076084E-01	1.073649E-01	1.072204E-01	1.069994E-01	1.067572E-01	1.064743E-01	1.068507E-01	1.065446E-01	1.062354E-01	1.058805E-01	1.052585E-01	1.053477E-01	1.047898E-01	1.045715E-01	1.039463E-01	1.034395E-01	1.028530E-01	1.022071E-01	1.015363E-01	1.009119E-01	9.961471E-02	9.786495E-02	9.524726E-02	9.073274E-02	8.325378E-02	6.945068E-02	

0.000000E+00	0.000000E+00	0.000000E+00	0.000000E+00	0.000000E+00	0.000000E+00	0.000000E+00	0.000000E+00	0.000000E+00	0.000000E+00	0.000000E+00	0.000000E+00	0.000000E+00	0.000000E+00	0.000000E+00	0.000000E+00	0.000000E+00	1.391251E-01	1.397204E-01	1.400519E-01	1.403482E-01	1.411788E-01	1.416578E-01	1.420092E-01	1.427295E-01	1.430131E-01	1.432893E-01	1.434678E-01	1.436531E-01	1.437496E-01	1.437678E-01	1.445406E-01	1.444991E-01	1.444586E-01	1.443918E-01	1.442098E-01	1.449632E-01	1.446854E-01	1.445367E-01	1.443187E-01	1.440592E-01	1.437322E-01	1.442883E-01	1.439134E-01	1.435576E-01	1.431241E-01	1.423327E-01	1.425024E-01	1.417755E-01	1.415115E-01	1.406780E-01	1.399958E-01	1.392021E-01	1.383269E-01	1.374169E-01	1.365695E-01	1.348101E-01	1.324382E-01	1.288924E-01	1.227818E-01	1.126625E-01	9.398601E-02	

0.000000E+00	0.000000E+00	0.000000E+00	0.000000E+00	0.000000E+00	0.000000E+00	0.000000E+00	0.000000E+00	0.000000E+00	0.000000E+00	0.000000E+00	0.000000E+00	0.000000E+00	0.000000E+00	0.000000E+00	0.000000E+00	0.000000E+00	1.739140E-01	1.746494E-01	1.750591E-01	1.754263E-01	1.764731E-01	1.770896E-01	1.775532E-01	1.784894E-01	1.788785E-01	1.792606E-01	1.795220E-01	1.798122E-01	1.799907E-01	1.800889E-01	1.811574E-01	1.811938E-01	1.812234E-01	1.812131E-01	1.810520E-01	1.820660E-01	1.817731E-01	1.816385E-01	1.814566E-01	1.812090E-01	1.808627E-01	1.816212E-01	1.811969E-01	1.808274E-01	1.803416E-01	1.794113E-01	1.796974E-01	1.788252E-01	1.785468E-01	1.775222E-01	1.766743E-01	1.756788E-01	1.745774E-01	1.734298E-01	1.723605E-01	1.701392E-01	1.671444E-01	1.626682E-01	1.549564E-01	1.421870E-01	1.186186E-01	

0.000000E+00	0.000000E+00	0.000000E+00	0.000000E+00	0.000000E+00	0.000000E+00	0.000000E+00	0.000000E+00	0.000000E+00	0.000000E+00	0.000000E+00	0.000000E+00	0.000000E+00	0.000000E+00	0.000000E+00	0.000000E+00	0.000000E+00	2.008957E-01	2.017316E-01	2.021923E-01	2.026036E-01	2.037959E-01	2.044962E-01	2.050239E-01	2.061074E-01	2.065584E-01	2.070039E-01	2.073118E-01	2.076593E-01	2.078803E-01	2.080160E-01	2.092926E-01	2.093710E-01	2.094417E-01	2.094649E-01	2.093127E-01	2.105269E-01	2.102189E-01	2.100940E-01	2.099419E-01	2.097091E-01	2.093556E-01	2.102832E-01	2.098313E-01	2.094753E-01	2.089734E-01	2.079710E-01	2.084062E-01	2.074698E-01	2.072615E-01	2.061479E-01	2.052173E-01	2.041008E-01	2.028521E-01	2.015428E-01	2.003200E-01	1.977686E-01	1.943192E-01	1.891481E-01	1.802147E-01	1.653903E-01	1.379926E-01	

0.000000E+00	0.000000E+00	0.000000E+00	0.000000E+00	0.000000E+00	0.000000E+00	0.000000E+00	0.000000E+00	0.000000E+00	0.000000E+00	0.000000E+00	0.000000E+00	0.000000E+00	0.000000E+00	0.000000E+00	0.000000E+00	0.000000E+00	2.183761E-01	2.192520E-01	2.197195E-01	2.201332E-01	2.213679E-01	2.220721E-01	2.225927E-01	2.237260E-01	2.241743E-01	2.246203E-01	2.249201E-01	2.252525E-01	2.254546E-01	2.255590E-01	2.269140E-01	2.269720E-01	2.270311E-01	2.270448E-01	2.268728E-01	2.281975E-01	2.278630E-01	2.277318E-01	2.275820E-01	2.273502E-01	2.269901E-01	2.280306E-01	2.275674E-01	2.272391E-01	2.267506E-01	2.257408E-01	2.263417E-01	2.254268E-01	2.253708E-01	2.242830E-01	2.233654E-01	2.222241E-01	2.209234E-01	2.195456E-01	2.182538E-01	2.155365E-01	2.118431E-01	2.062744E-01	1.966019E-01	1.804824E-01	1.506170E-01	

0.000000E+00	0.000000E+00	0.000000E+00	0.000000E+00	0.000000E+00	0.000000E+00	0.000000E+00	0.000000E+00	0.000000E+00	0.000000E+00	0.000000E+00	0.000000E+00	0.000000E+00	0.000000E+00	0.000000E+00	0.000000E+00	0.000000E+00	2.269143E-01	2.277914E-01	2.282425E-01	2.286366E-01	2.298497E-01	2.305148E-01	2.309919E-01	2.321117E-01	2.325233E-01	2.329356E-01	2.331999E-01	2.334818E-01	2.336363E-01	2.336803E-01	2.350279E-01	2.350382E-01	2.350616E-01	2.350462E-01	2.348450E-01	2.362090E-01	2.358492E-01	2.357057E-01	2.355454E-01	2.353088E-01	2.349454E-01	2.360444E-01	2.355818E-01	2.352837E-01	2.348215E-01	2.338403E-01	2.345761E-01	2.337209E-01	2.338220E-01	2.328106E-01	2.319499E-01	2.308364E-01	2.295428E-01	2.281584E-01	2.268554E-01	2.240922E-01	2.203168E-01	2.145926E-01	2.045977E-01	1.878737E-01	1.568162E-01	

0.000000E+00	0.000000E+00	0.000000E+00	0.000000E+00	0.000000E+00	0.000000E+00	0.000000E+00	0.000000E+00	0.000000E+00	0.000000E+00	0.000000E+00	0.000000E+00	0.000000E+00	0.000000E+00	0.000000E+00	0.000000E+00	0.000000E+00	2.297856E-01	2.306826E-01	2.311415E-01	2.315381E-01	2.327531E-01	2.334060E-01	2.338640E-01	2.349729E-01	2.353631E-01	2.357537E-01	2.359945E-01	2.362418E-01	2.363628E-01	2.363640E-01	2.376858E-01	2.376587E-01	2.376520E-01	2.376110E-01	2.373865E-01	2.387539E-01	2.383757E-01	2.382201E-01	2.380446E-01	2.377991E-01	2.374302E-01	2.385483E-01	2.380859E-01	2.378019E-01	2.373557E-01	2.363977E-01	2.372066E-01	2.363971E-01	2.365979E-01	2.356486E-01	2.348360E-01	2.337551E-01	2.324825E-01	2.311113E-01	2.298173E-01	2.270585E-01	2.232759E-01	2.175195E-01	2.074334E-01	1.905115E-01	1.590385E-01	

0.000000E+00	0.000000E+00	0.000000E+00	0.000000E+00	0.000000E+00	0.000000E+00	0.000000E+00	0.000000E+00	0.000000E+00	0.000000E+00	0.000000E+00	0.000000E+00	0.000000E+00	0.000000E+00	0.000000E+00	0.000000E+00	0.000000E+00	2.274743E-01	2.283855E-01	2.288583E-01	2.292648E-01	2.304841E-01	2.311385E-01	2.315933E-01	2.326899E-01	2.330727E-01	2.334546E-01	2.336865E-01	2.339198E-01	2.340271E-01	2.340110E-01	2.352977E-01	2.352519E-01	2.352276E-01	2.351706E-01	2.349327E-01	2.362699E-01	2.358823E-01	2.357156E-01	2.355201E-01	2.352592E-01	2.348791E-01	2.359727E-01	2.355031E-01	2.352032E-01	2.347484E-01	2.337873E-01	2.345755E-01	2.337678E-01	2.339598E-01	2.330189E-01	2.322148E-01	2.311465E-01	2.298892E-01	2.285346E-01	2.272565E-01	2.245311E-01	2.207945E-01	2.151072E-01	2.051391E-01	1.884100E-01	1.572878E-01	

0.000000E+00	0.000000E+00	0.000000E+00	0.000000E+00	0.000000E+00	0.000000E+00	0.000000E+00	0.000000E+00	0.000000E+00	0.000000E+00	0.000000E+00	0.000000E+00	0.000000E+00	0.000000E+00	0.000000E+00	0.000000E+00	0.000000E+00	2.276255E-01	2.285251E-01	2.289937E-01	2.293983E-01	2.306161E-01	2.312752E-01	2.317368E-01	2.328424E-01	2.332360E-01	2.336305E-01	2.338738E-01	2.341228E-01	2.342436E-01	2.342430E-01	2.355383E-01	2.355026E-01	2.354831E-01	2.354275E-01	2.351874E-01	2.365126E-01	2.361190E-01	2.359430E-01	2.357267E-01	2.354434E-01	2.350398E-01	2.361053E-01	2.356088E-01	2.352567E-01	2.347551E-01	2.337330E-01	2.344280E-01	2.335463E-01	2.336151E-01	2.325880E-01	2.317171E-01	2.305988E-01	2.293037E-01	2.279198E-01	2.266181E-01	2.238589E-01	2.200910E-01	2.143789E-01	2.044020E-01	1.877002E-01	1.566738E-01	

0.000000E+00	0.000000E+00	0.000000E+00	0.000000E+00	0.000000E+00	0.000000E+00	0.000000E+00	0.000000E+00	0.000000E+00	0.000000E+00	0.000000E+00	0.000000E+00	0.000000E+00	0.000000E+00	0.000000E+00	0.000000E+00	0.000000E+00	2.238886E-01	2.246920E-01	2.250885E-01	2.254308E-01	2.265320E-01	2.271085E-01	2.275050E-01	2.285427E-01	2.288927E-01	2.292511E-01	2.294656E-01	2.296795E-01	2.297730E-01	2.297460E-01	2.309796E-01	2.309210E-01	2.308793E-01	2.308037E-01	2.305480E-01	2.318164E-01	2.314118E-01	2.312185E-01	2.309671E-01	2.306528E-01	2.302228E-01	2.312277E-01	2.307073E-01	2.302988E-01	2.297527E-01	2.286825E-01	2.292597E-01	2.283170E-01	2.282547E-01	2.271593E-01	2.262375E-01	2.250911E-01	2.237844E-01	2.223995E-01	2.211011E-01	2.183657E-01	2.146460E-01	2.090308E-01	1.992592E-01	1.829454E-01	1.526845E-01	

0.000000E+00	0.000000E+00	0.000000E+00	0.000000E+00	0.000000E+00	0.000000E+00	0.000000E+00	0.000000E+00	0.000000E+00	0.000000E+00	0.000000E+00	0.000000E+00	0.000000E+00	0.000000E+00	0.000000E+00	0.000000E+00	0.000000E+00	2.077703E-01	2.082445E-01	2.083806E-01	2.084906E-01	2.091430E-01	2.093816E-01	2.094984E-01	2.102332E-01	2.103707E-01	2.105391E-01	2.105947E-01	2.106084E-01	2.105389E-01	2.103421E-01	2.112823E-01	2.110849E-01	2.109259E-01	2.107545E-01	2.104332E-01	2.115031E-01	2.110672E-01	2.108293E-01	2.104956E-01	2.101239E-01	2.096609E-01	2.105088E-01	2.099802E-01	2.095169E-01	2.089484E-01	2.078934E-01	2.083136E-01	2.073846E-01	2.072240E-01	2.061614E-01	2.052741E-01	2.041959E-01	2.029811E-01	2.017013E-01	2.005043E-01	1.979941E-01	1.945908E-01	1.894693E-01	1.805808E-01	1.657717E-01	1.383353E-01	

0.000000E+00	0.000000E+00	0.000000E+00	0.000000E+00	0.000000E+00	0.000000E+00	0.000000E+00	0.000000E+00	0.000000E+00	0.000000E+00	0.000000E+00	0.000000E+00	0.000000E+00	0.000000E+00	0.000000E+00	0.000000E+00	0.000000E+00	1.654285E-01	1.652167E-01	1.648207E-01	1.644585E-01	1.641768E-01	1.637250E-01	1.632755E-01	1.633651E-01	1.630671E-01	1.628425E-01	1.625739E-01	1.621804E-01	1.617830E-01	1.612491E-01	1.615467E-01	1.610714E-01	1.606764E-01	1.603130E-01	1.598689E-01	1.604819E-01	1.599987E-01	1.596779E-01	1.591853E-01	1.587074E-01	1.581926E-01	1.586761E-01	1.581519E-01	1.575921E-01	1.569986E-01	1.560152E-01	1.560868E-01	1.552233E-01	1.548675E-01	1.539213E-01	1.531481E-01	1.522611E-01	1.512917E-01	1.502870E-01	1.493535E-01	1.474203E-01	1.448214E-01	1.409443E-01	1.342663E-01	1.232046E-01	1.027797E-01	

0.000000E+00	0.000000E+00	0.000000E+00	0.000000E+00	0.000000E+00	0.000000E+00	0.000000E+00	0.000000E+00	0.000000E+00	0.000000E+00	0.000000E+00	0.000000E+00	0.000000E+00	0.000000E+00	0.000000E+00	0.000000E+00	0.000000E+00	6.966584E-02	6.866271E-02	6.771422E-02	6.686742E-02	6.550447E-02	6.431708E-02	6.328250E-02	6.254056E-02	6.177216E-02	6.110860E-02	6.049720E-02	5.968308E-02	5.896340E-02	5.812364E-02	5.750367E-02	5.676972E-02	5.614807E-02	5.560563E-02	5.509179E-02	5.493923E-02	5.449499E-02	5.412713E-02	5.351276E-02	5.297980E-02	5.249296E-02	5.235181E-02	5.193790E-02	5.134512E-02	5.082635E-02	5.012909E-02	4.966520E-02	4.905660E-02	4.847763E-02	4.788462E-02	4.743186E-02	4.700067E-02	4.658192E-02	4.617774E-02	4.581350E-02	4.510373E-02	4.418963E-02	4.288701E-02	4.073573E-02	3.728806E-02	3.104618E-02	

