5.000000E+09
6.000000E+09
8.000000E+09
1.000000E+10
1.500000E+10
2.000000E+10
2.500000E+10
3.000000E+10
4.000000E+10
5.000000E+10
6.000000E+10
7.000000E+10
8.000000E+10
9.000000E+10
1.000000E+11
1.100000E+11
1.200000E+11
1.300000E+11
1.400000E+11
1.500000E+11
1.600000E+11
1.800000E+11
2.000000E+11
2.200000E+11
2.400000E+11
2.600000E+11
2.800000E+11
3.000000E+11
3.300000E+11
3.600000E+11
4.000000E+11
4.500000E+11
5.000000E+11
5.500000E+11
6.000000E+11
6.500000E+11
7.000000E+11
7.500000E+11
8.000000E+11
9.000000E+11
1.000000E+12
1.100000E+12
1.200000E+12
1.300000E+12
1.500000E+12
1.700000E+12
2.000000E+12
2.500000E+12
3.000000E+12
4.000000E+12
5.000000E+12
6.000000E+12
7.000000E+12
8.000000E+12
9.000000E+12
1.000000E+13
1.200000E+13
1.500000E+13
2.000000E+13
3.000000E+13
5.000000E+13
1.000000E+14
