2.817551E-02	2.467518E-02	2.033327E-02	1.683502E-02	1.263637E-02	1.247209E-02	1.082802E-02	1.133251E-02	1.194608E-02	1.195716E-02	1.362957E-02	1.294855E-02	1.154134E-02	1.336419E-02	1.402981E-02	1.382243E-02	1.310502E-02	1.222472E-02	1.244037E-02	1.281458E-02	1.317775E-02	1.320022E-02	1.244988E-02	1.144461E-02	1.148367E-02	1.177215E-02	1.199362E-02	1.194063E-02	1.141094E-02	1.063120E-02	9.546135E-03	1.060397E-02	1.078763E-02	1.044591E-02	9.815774E-03	9.109080E-03	9.374889E-03	9.650659E-03	9.918601E-03	9.928047E-03	9.373061E-03	8.634930E-03	8.885033E-03	9.260534E-03	9.594401E-03	9.076271E-03	7.853675E-03	9.390866E-03	8.687148E-03	9.116261E-03	8.728862E-03	7.776114E-03	7.224915E-03	6.545222E-03	5.797339E-03	5.115798E-03	4.006959E-03	2.907558E-03	1.896500E-03	1.066662E-03	5.804032E-04	3.299405E-04	

2.709462E-02	2.375500E-02	1.960565E-02	1.626017E-02	1.225394E-02	1.220169E-02	1.063021E-02	1.117291E-02	1.182940E-02	1.185253E-02	1.351453E-02	1.284027E-02	1.144501E-02	1.323807E-02	1.388919E-02	1.367935E-02	1.296677E-02	1.209403E-02	1.230147E-02	1.266530E-02	1.301880E-02	1.303400E-02	1.228956E-02	1.129517E-02	1.132936E-02	1.160987E-02	1.182500E-02	1.177046E-02	1.124620E-02	1.047644E-02	9.406091E-03	1.044544E-02	1.062491E-02	1.028752E-02	9.666416E-03	8.970114E-03	9.231064E-03	9.502047E-03	9.765398E-03	9.774094E-03	9.227373E-03	8.500491E-03	8.746285E-03	9.115647E-03	9.443928E-03	8.933734E-03	7.730174E-03	9.242971E-03	8.550280E-03	8.972773E-03	8.591638E-03	7.653861E-03	7.111365E-03	6.442367E-03	5.706234E-03	5.035397E-03	3.943968E-03	2.861831E-03	1.866656E-03	1.049861E-03	5.712518E-04	3.247278E-04	

2.608381E-02	2.289350E-02	1.892364E-02	1.572261E-02	1.190008E-02	1.195972E-02	1.045713E-02	1.103817E-02	1.173753E-02	1.177136E-02	1.342455E-02	1.275522E-02	1.136913E-02	1.313432E-02	1.377135E-02	1.355833E-02	1.284922E-02	1.198253E-02	1.218169E-02	1.253524E-02	1.287921E-02	1.288668E-02	1.214682E-02	1.116176E-02	1.119109E-02	1.146405E-02	1.167316E-02	1.161701E-02	1.109746E-02	1.033661E-02	9.279472E-03	1.030215E-02	1.047786E-02	1.014439E-02	9.531454E-03	8.844549E-03	9.101138E-03	9.367768E-03	9.626943E-03	9.634930E-03	9.095665E-03	8.378948E-03	8.620945E-03	8.984819E-03	9.308144E-03	8.805154E-03	7.618801E-03	9.109538E-03	8.426771E-03	8.843422E-03	8.467987E-03	7.543754E-03	7.009175E-03	6.349851E-03	5.624315E-03	4.963122E-03	3.887367E-03	2.820763E-03	1.839868E-03	1.034796E-03	5.630546E-04	3.200630E-04	

2.514191E-02	2.209005E-02	1.828666E-02	1.522196E-02	1.157480E-02	1.174714E-02	1.030994E-02	1.092964E-02	1.167195E-02	1.171460E-02	1.335985E-02	1.269330E-02	1.131348E-02	1.305230E-02	1.367537E-02	1.345833E-02	1.275132E-02	1.188918E-02	1.207997E-02	1.242335E-02	1.275791E-02	1.275721E-02	1.202067E-02	1.104348E-02	1.106805E-02	1.133392E-02	1.153741E-02	1.147965E-02	1.096416E-02	1.021120E-02	9.165844E-03	1.017374E-02	1.034617E-02	1.001625E-02	9.410660E-03	8.732182E-03	8.984900E-03	9.247608E-03	9.503022E-03	9.510342E-03	8.977739E-03	8.270117E-03	8.508801E-03	8.867807E-03	9.186763E-03	8.690246E-03	7.519297E-03	8.990523E-03	8.316658E-03	8.728252E-03	8.357946E-03	7.445818E-03	6.918331E-03	6.267637E-03	5.551537E-03	4.898925E-03	3.837109E-03	2.784311E-03	1.816106E-03	1.021443E-03	5.557975E-04	3.159370E-04	

2.426755E-02	2.134406E-02	1.769422E-02	1.475800E-02	1.127844E-02	1.156448E-02	1.018916E-02	1.084751E-02	1.163236E-02	1.168196E-02	1.332027E-02	1.265444E-02	1.127803E-02	1.299181E-02	1.360096E-02	1.337903E-02	1.267274E-02	1.181366E-02	1.199593E-02	1.232924E-02	1.265454E-02	1.264522E-02	1.191079E-02	1.094003E-02	1.095985E-02	1.121895E-02	1.141707E-02	1.135760E-02	1.084549E-02	1.009942E-02	9.064453E-03	1.005929E-02	1.022886E-02	9.902139E-03	9.303108E-03	8.632148E-03	8.881525E-03	9.140760E-03	9.392839E-03	9.399585E-03	8.872917E-03	8.173390E-03	8.409295E-03	8.764079E-03	9.079298E-03	8.588579E-03	7.431315E-03	8.885802E-03	8.219904E-03	8.627337E-03	8.261610E-03	7.360142E-03	6.838903E-03	6.195785E-03	5.487951E-03	4.842852E-03	3.793231E-03	2.752507E-03	1.795392E-03	1.009821E-03	5.494919E-04	3.123576E-04	

2.344790E-02	2.064425E-02	1.713816E-02	1.432510E-02	1.100881E-02	1.141106E-02	1.009466E-02	1.079213E-02	1.161962E-02	1.167398E-02	1.330575E-02	1.263832E-02	1.126240E-02	1.295255E-02	1.354789E-02	1.332026E-02	1.261333E-02	1.175585E-02	1.192964E-02	1.225313E-02	1.256944E-02	1.255125E-02	1.181777E-02	1.085200E-02	1.086719E-02	1.111997E-02	1.131307E-02	1.125188E-02	1.074246E-02	1.000224E-02	8.976210E-03	9.959398E-03	1.012630E-02	9.802296E-03	9.208957E-03	8.544549E-03	8.791152E-03	9.047393E-03	9.296605E-03	9.302914E-03	8.781462E-03	8.089023E-03	8.322729E-03	8.673955E-03	8.986094E-03	8.500486E-03	7.355146E-03	8.795517E-03	8.136579E-03	8.540696E-03	8.178988E-03	7.286757E-03	6.770945E-03	6.134355E-03	5.433621E-03	4.794963E-03	3.755790E-03	2.725398E-03	1.777763E-03	9.999543E-04	5.441561E-04	3.093377E-04	

2.268475E-02	1.999205E-02	1.661914E-02	1.392380E-02	1.076665E-02	1.128799E-02	1.002749E-02	1.076434E-02	1.163417E-02	1.169092E-02	1.331643E-02	1.264505E-02	1.126666E-02	1.293432E-02	1.351580E-02	1.328155E-02	1.257262E-02	1.171528E-02	1.188089E-02	1.219509E-02	1.250295E-02	1.247599E-02	1.174244E-02	1.078027E-02	1.079090E-02	1.103775E-02	1.122615E-02	1.116315E-02	1.065566E-02	9.920192E-03	8.901555E-03	9.874407E-03	1.003877E-02	9.716933E-03	9.128378E-03	8.469526E-03	8.713931E-03	8.967702E-03	9.214555E-03	9.220609E-03	8.703663E-03	8.017296E-03	8.249333E-03	8.597631E-03	8.907284E-03	8.426063E-03	7.290852E-03	8.719846E-03	8.066877E-03	8.468606E-03	8.110370E-03	7.225897E-03	6.714606E-03	6.083446E-03	5.388613E-03	4.755308E-03	3.724812E-03	2.702999E-03	1.763229E-03	9.918513E-04	5.397961E-04	3.068816E-04	

2.197636E-02	1.938710E-02	1.613782E-02	1.355513E-02	1.055334E-02	1.119690E-02	9.989168E-03	1.076552E-02	1.167716E-02	1.173361E-02	1.335283E-02	1.267497E-02	1.129104E-02	1.293728E-02	1.350476E-02	1.326295E-02	1.255063E-02	1.169195E-02	1.184960E-02	1.215498E-02	1.245490E-02	1.241920E-02	1.168453E-02	1.072455E-02	1.073089E-02	1.097245E-02	1.115664E-02	1.109189E-02	1.058568E-02	9.853886E-03	8.841105E-03	9.805300E-03	9.967419E-03	9.647248E-03	9.062545E-03	8.408200E-03	8.650996E-03	8.902783E-03	9.147746E-03	9.153643E-03	8.640395E-03	7.958991E-03	8.189903E-03	8.535875E-03	8.843584E-03	8.365954E-03	7.238977E-03	8.659491E-03	8.011466E-03	8.411810E-03	8.056512E-03	7.178263E-03	6.670561E-03	6.043680E-03	5.353485E-03	4.724382E-03	3.700690E-03	2.685596E-03	1.751978E-03	9.856182E-04	5.364708E-04	3.050238E-04	

2.130840E-02	1.881683E-02	1.568554E-02	1.321307E-02	1.036617E-02	1.113647E-02	9.978969E-03	1.079529E-02	1.174853E-02	1.180172E-02	1.341405E-02	1.272702E-02	1.133454E-02	1.295998E-02	1.351313E-02	1.326277E-02	1.254571E-02	1.168430E-02	1.183410E-02	1.213104E-02	1.242340E-02	1.237891E-02	1.164216E-02	1.068312E-02	1.068539E-02	1.092217E-02	1.110256E-02	1.103609E-02	1.053057E-02	9.801490E-03	8.793197E-03	9.750575E-03	9.910916E-03	9.592069E-03	9.010419E-03	8.359646E-03	8.601340E-03	8.851576E-03	9.095063E-03	9.100863E-03	8.590549E-03	7.913073E-03	8.143328E-03	8.487550E-03	8.793847E-03	8.319083E-03	7.198589E-03	8.612929E-03	7.968824E-03	8.368663E-03	8.015831E-03	7.142443E-03	6.637530E-03	6.013915E-03	5.327233E-03	4.701302E-03	3.682735E-03	2.672688E-03	1.743680E-03	9.810640E-04	5.340720E-04	3.036994E-04	

2.068674E-02	1.828728E-02	1.526784E-02	1.290254E-02	1.020942E-02	1.111155E-02	1.000130E-02	1.085764E-02	1.185158E-02	1.189838E-02	1.350368E-02	1.280465E-02	1.140022E-02	1.300605E-02	1.354475E-02	1.328480E-02	1.256147E-02	1.169571E-02	1.183783E-02	1.212673E-02	1.241198E-02	1.235861E-02	1.161859E-02	1.065895E-02	1.065717E-02	1.088950E-02	1.106634E-02	1.099801E-02	1.049235E-02	9.764807E-03	8.759390E-03	9.712552E-03	9.871945E-03	9.554172E-03	8.974713E-03	8.326449E-03	8.567749E-03	8.817030E-03	9.059603E-03	9.065448E-03	8.557166E-03	7.882365E-03	8.112574E-03	8.455802E-03	8.761403E-03	8.288633E-03	7.172461E-03	8.583702E-03	7.942280E-03	8.342656E-03	7.991678E-03	7.121432E-03	6.618291E-03	5.996668E-03	5.312084E-03	4.688032E-03	3.672480E-03	2.665385E-03	1.739052E-03	9.785890E-04	5.328142E-04	3.030293E-04	

2.011776E-02	1.780372E-02	1.488858E-02	1.262695E-02	1.008638E-02	1.112621E-02	1.005996E-02	1.095683E-02	1.199106E-02	1.202791E-02	1.362585E-02	1.291150E-02	1.149121E-02	1.307870E-02	1.360276E-02	1.333202E-02	1.260066E-02	1.172870E-02	1.186296E-02	1.214387E-02	1.242210E-02	1.235925E-02	1.161445E-02	1.065249E-02	1.064684E-02	1.087532E-02	1.104912E-02	1.097896E-02	1.047243E-02	9.745248E-03	8.741032E-03	9.692454E-03	9.851581E-03	9.534508E-03	8.956271E-03	8.309360E-03	8.551089E-03	8.800138E-03	9.042478E-03	9.048633E-03	8.541476E-03	7.868039E-03	8.098898E-03	8.441969E-03	8.747675E-03	8.275965E-03	7.161785E-03	8.573368E-03	7.933329E-03	8.335396E-03	7.985567E-03	7.116563E-03	6.614118E-03	5.993108E-03	5.309083E-03	4.685498E-03	3.670654E-03	2.664213E-03	1.738437E-03	9.783801E-04	5.327948E-04	3.030660E-04	

1.959299E-02	1.735929E-02	1.454427E-02	1.238498E-02	9.998720E-03	1.118431E-02	1.015898E-02	1.109697E-02	1.217088E-02	1.219370E-02	1.378377E-02	1.305038E-02	1.160993E-02	1.318067E-02	1.369002E-02	1.340725E-02	1.266595E-02	1.178576E-02	1.191220E-02	1.218543E-02	1.245701E-02	1.238431E-02	1.163318E-02	1.066693E-02	1.065753E-02	1.088276E-02	1.105400E-02	1.098197E-02	1.047363E-02	9.745410E-03	8.740420E-03	9.692503E-03	9.851913E-03	9.535001E-03	8.956843E-03	8.309967E-03	8.552915E-03	8.802478E-03	9.045301E-03	9.052018E-03	8.544978E-03	7.871468E-03	8.103719E-03	8.447591E-03	8.754341E-03	8.282702E-03	7.167980E-03	8.583634E-03	7.943552E-03	8.348563E-03	7.999148E-03	7.129304E-03	6.626342E-03	6.004423E-03	5.319267E-03	4.694604E-03	3.677951E-03	2.669665E-03	1.742143E-03	9.806000E-04	5.340939E-04	3.038495E-04	

1.910959E-02	1.695378E-02	1.423676E-02	1.217962E-02	9.951162E-03	1.129249E-02	1.030477E-02	1.128402E-02	1.239610E-02	1.240028E-02	1.398216E-02	1.322564E-02	1.176017E-02	1.331591E-02	1.381042E-02	1.351417E-02	1.276076E-02	1.187003E-02	1.198879E-02	1.225493E-02	1.252047E-02	1.243777E-02	1.167859E-02	1.070587E-02	1.069305E-02	1.091594E-02	1.108535E-02	1.101150E-02	1.050035E-02	9.769441E-03	8.761324E-03	9.716334E-03	9.876343E-03	9.558779E-03	8.979271E-03	8.330844E-03	8.575813E-03	8.826692E-03	9.070771E-03	9.078290E-03	8.570203E-03	7.894976E-03	8.129405E-03	8.475165E-03	8.784031E-03	8.311344E-03	7.193217E-03	8.617089E-03	7.975355E-03	8.384721E-03	8.034912E-03	7.161847E-03	6.656991E-03	6.032439E-03	5.344244E-03	4.716763E-03	3.695461E-03	2.682515E-03	1.750659E-03	9.855062E-04	5.368388E-04	3.054446E-04	

1.866690E-02	1.658764E-02	1.396831E-02	1.201453E-02	9.949844E-03	1.145906E-02	1.050521E-02	1.152640E-02	1.267548E-02	1.265539E-02	1.422828E-02	1.344362E-02	1.194736E-02	1.348969E-02	1.396897E-02	1.365743E-02	1.288934E-02	1.198536E-02	1.209651E-02	1.235609E-02	1.261619E-02	1.252318E-02	1.175395E-02	1.077225E-02	1.075631E-02	1.097777E-02	1.114608E-02	1.107044E-02	1.055531E-02	9.819860E-03	8.805994E-03	9.767232E-03	9.928648E-03	9.609740E-03	9.027355E-03	8.375603E-03	8.623479E-03	8.876563E-03	9.122748E-03	9.131268E-03	8.620727E-03	7.941845E-03	8.179229E-03	8.528023E-03	8.840081E-03	8.364997E-03	7.240143E-03	8.676910E-03	8.031700E-03	8.446879E-03	8.095692E-03	7.216662E-03	6.708306E-03	6.079153E-03	5.385763E-03	4.753501E-03	3.724367E-03	2.703608E-03	1.764522E-03	9.933930E-04	5.411836E-04	3.079351E-04	

1.826016E-02	1.625781E-02	1.373887E-02	1.189218E-02	1.000141E-02	1.169334E-02	1.076919E-02	1.183227E-02	1.301580E-02	1.296481E-02	1.452774E-02	1.370932E-02	1.217581E-02	1.370671E-02	1.417044E-02	1.384165E-02	1.305601E-02	1.213578E-02	1.223961E-02	1.249348E-02	1.274905E-02	1.264566E-02	1.186423E-02	1.087068E-02	1.085190E-02	1.107294E-02	1.124096E-02	1.116349E-02	1.064298E-02	9.900822E-03	8.878149E-03	9.849498E-03	1.001330E-02	9.692262E-03	9.105236E-03	8.448105E-03	8.699773E-03	8.956010E-03	9.205205E-03	9.214856E-03	8.700202E-03	8.015410E-03	8.256521E-03	8.609600E-03	8.926007E-03	8.446961E-03	7.311591E-03	8.766301E-03	8.115510E-03	8.538117E-03	8.184497E-03	7.296444E-03	6.782858E-03	6.146929E-03	5.445927E-03	4.806678E-03	3.766114E-03	2.733976E-03	1.784387E-03	1.004604E-03	5.472962E-04	3.114041E-04	

1.789228E-02	1.596928E-02	1.355586E-02	1.182123E-02	1.011676E-02	1.200766E-02	1.110780E-02	1.221213E-02	1.342642E-02	1.333653E-02	1.488801E-02	1.402929E-02	1.245111E-02	1.397262E-02	1.442031E-02	1.407199E-02	1.326555E-02	1.232563E-02	1.242219E-02	1.267103E-02	1.292278E-02	1.280860E-02	1.201242E-02	1.100386E-02	1.098253E-02	1.120431E-02	1.137296E-02	1.129368E-02	1.076630E-02	1.001510E-02	8.980302E-03	9.966220E-03	1.013359E-02	9.809629E-03	9.216051E-03	8.551293E-03	8.807864E-03	9.068502E-03	9.321887E-03	9.333032E-03	8.812490E-03	8.119293E-03	8.364959E-03	8.723810E-03	9.045957E-03	8.561192E-03	7.410994E-03	8.889469E-03	8.230694E-03	8.662430E-03	8.305123E-03	7.404505E-03	6.883720E-03	6.238541E-03	5.527184E-03	4.878441E-03	3.822365E-03	2.774801E-03	1.810995E-03	1.019527E-03	5.553670E-04	3.159481E-04	

1.756120E-02	1.572293E-02	1.342461E-02	1.180943E-02	1.030744E-02	1.241484E-02	1.153246E-02	1.267648E-02	1.391627E-02	1.377795E-02	1.531578E-02	1.440928E-02	1.277814E-02	1.429234E-02	1.472339E-02	1.435299E-02	1.352214E-02	1.255877E-02	1.264783E-02	1.289205E-02	1.314052E-02	1.301473E-02	1.220094E-02	1.117387E-02	1.115041E-02	1.137424E-02	1.154460E-02	1.146358E-02	1.092780E-02	1.016508E-02	9.114646E-03	1.011989E-02	1.029209E-02	9.964352E-03	9.362174E-03	8.687380E-03	8.950062E-03	9.216514E-03	9.475427E-03	9.488540E-03	8.960237E-03	8.255956E-03	8.507289E-03	8.873706E-03	9.203361E-03	8.711051E-03	7.541329E-03	9.050387E-03	8.381057E-03	8.823766E-03	8.461297E-03	7.544151E-03	7.013925E-03	6.356713E-03	5.631928E-03	4.970893E-03	3.894749E-03	2.827252E-03	1.845095E-03	1.038570E-03	5.656046E-04	3.216778E-04	

1.726590E-02	1.551915E-02	1.334721E-02	1.185943E-02	1.057663E-02	1.291444E-02	1.204145E-02	1.321897E-02	1.447279E-02	1.427687E-02	1.579935E-02	1.483899E-02	1.314809E-02	1.465798E-02	1.507256E-02	1.467829E-02	1.382011E-02	1.283013E-02	1.291180E-02	1.315189E-02	1.339762E-02	1.325961E-02	1.242568E-02	1.137702E-02	1.135245E-02	1.158024E-02	1.175392E-02	1.167165E-02	1.112638E-02	1.034998E-02	9.280644E-03	1.030980E-02	1.048794E-02	1.015552E-02	9.542711E-03	8.855520E-03	9.125987E-03	9.399712E-03	9.665542E-03	9.681190E-03	9.143332E-03	8.425357E-03	8.683825E-03	9.059898E-03	9.399248E-03	8.897706E-03	7.703765E-03	9.249755E-03	8.566957E-03	9.021695E-03	8.652029E-03	7.714449E-03	7.172358E-03	6.500334E-03	5.759173E-03	5.083190E-03	3.982699E-03	2.891043E-03	1.886657E-03	1.061882E-03	5.782211E-04	3.287942E-04	

1.700041E-02	1.535329E-02	1.332017E-02	1.196382E-02	1.090724E-02	1.347577E-02	1.260355E-02	1.380723E-02	1.506393E-02	1.480347E-02	1.630732E-02	1.528950E-02	1.353563E-02	1.504275E-02	1.544108E-02	1.502227E-02	1.413562E-02	1.311778E-02	1.319287E-02	1.342982E-02	1.367376E-02	1.352416E-02	1.266931E-02	1.159775E-02	1.157328E-02	1.180660E-02	1.198489E-02	1.190194E-02	1.134679E-02	1.055558E-02	9.465553E-03	1.052252E-02	1.070786E-02	1.037047E-02	9.745898E-03	9.044876E-03	9.324577E-03	9.606703E-03	9.880509E-03	9.899234E-03	9.350679E-03	8.617272E-03	8.884285E-03	9.271567E-03	9.622276E-03	9.110386E-03	7.888977E-03	9.476581E-03	8.778297E-03	9.246058E-03	8.867861E-03	7.907079E-03	7.351465E-03	6.662656E-03	5.902983E-03	5.210118E-03	4.082141E-03	2.963219E-03	1.933742E-03	1.088357E-03	5.926040E-04	3.369438E-04	

1.676623E-02	1.522833E-02	1.334824E-02	1.212662E-02	1.130118E-02	1.409776E-02	1.321682E-02	1.443954E-02	1.568865E-02	1.535665E-02	1.683817E-02	1.575928E-02	1.393933E-02	1.544499E-02	1.582722E-02	1.538328E-02	1.446711E-02	1.342022E-02	1.348989E-02	1.372503E-02	1.396849E-02	1.380841E-02	1.293207E-02	1.183639E-02	1.181332E-02	1.205379E-02	1.223805E-02	1.215497E-02	1.158956E-02	1.078237E-02	9.669815E-03	1.075851E-02	1.095229E-02	1.060964E-02	9.972125E-03	9.255807E-03	9.546032E-03	9.837746E-03	1.012064E-02	1.014304E-02	9.582636E-03	8.832036E-03	9.108514E-03	9.508426E-03	9.871953E-03	9.348517E-03	8.096366E-03	9.731004E-03	9.015445E-03	9.497767E-03	9.109929E-03	8.123108E-03	7.552342E-03	6.844712E-03	6.064276E-03	5.352471E-03	4.193656E-03	3.044140E-03	1.986512E-03	1.118005E-03	6.086934E-04	3.460520E-04	

1.656644E-02	1.514849E-02	1.343697E-02	1.235302E-02	1.176263E-02	1.478360E-02	1.388368E-02	1.511804E-02	1.634879E-02	1.593816E-02	1.739378E-02	1.625009E-02	1.436076E-02	1.586689E-02	1.623348E-02	1.576386E-02	1.481704E-02	1.373984E-02	1.380538E-02	1.404028E-02	1.428475E-02	1.411544E-02	1.321696E-02	1.209577E-02	1.207555E-02	1.232498E-02	1.251668E-02	1.243409E-02	1.185793E-02	1.103343E-02	9.896205E-03	1.102096E-02	1.122452E-02	1.087624E-02	1.022443E-02	9.491145E-03	9.793333E-03	1.009597E-02	1.038921E-02	1.041593E-02	9.842392E-03	9.072601E-03	9.359634E-03	9.773753E-03	1.015171E-02	9.615362E-03	8.328768E-03	1.001586E-02	9.280872E-03	9.779330E-03	9.380625E-03	8.364656E-03	7.776944E-03	7.048268E-03	6.244612E-03	5.511627E-03	4.318327E-03	3.134599E-03	2.045492E-03	1.151133E-03	6.266636E-04	3.562232E-04	

1.640421E-02	1.511812E-02	1.359183E-02	1.264786E-02	1.229497E-02	1.553491E-02	1.460491E-02	1.584317E-02	1.704447E-02	1.654832E-02	1.797494E-02	1.676284E-02	1.480080E-02	1.630981E-02	1.666149E-02	1.616574E-02	1.518711E-02	1.407822E-02	1.414110E-02	1.437749E-02	1.462463E-02	1.444748E-02	1.352614E-02	1.237788E-02	1.236206E-02	1.262236E-02	1.282307E-02	1.274160E-02	1.215413E-02	1.131082E-02	1.014661E-02	1.131200E-02	1.152676E-02	1.117241E-02	1.050485E-02	9.752779E-03	1.006845E-02	1.038346E-02	1.068838E-02	1.072015E-02	1.013207E-02	9.340936E-03	9.639873E-03	1.007000E-02	1.046426E-02	9.913569E-03	8.588529E-03	1.033407E-02	9.577325E-03	1.009347E-02	9.682462E-03	8.633948E-03	8.027346E-03	7.275209E-03	6.445667E-03	5.689067E-03	4.457317E-03	3.235443E-03	2.111236E-03	1.188052E-03	6.466872E-04	3.675576E-04	

1.628344E-02	1.514192E-02	1.381812E-02	1.301552E-02	1.290045E-02	1.635222E-02	1.538039E-02	1.661443E-02	1.777480E-02	1.718650E-02	1.858141E-02	1.729745E-02	1.525947E-02	1.677418E-02	1.711193E-02	1.658971E-02	1.557815E-02	1.443621E-02	1.449808E-02	1.473782E-02	1.498942E-02	1.480596E-02	1.386101E-02	1.268407E-02	1.267435E-02	1.294760E-02	1.315902E-02	1.307938E-02	1.248002E-02	1.161635E-02	1.042267E-02	1.163366E-02	1.186112E-02	1.150027E-02	1.081538E-02	1.004258E-02	1.037329E-02	1.070223E-02	1.102032E-02	1.105793E-02	1.045381E-02	9.639047E-03	9.951284E-03	1.039926E-02	1.081173E-02	1.024511E-02	8.877337E-03	1.068752E-02	9.906482E-03	1.044197E-02	1.001719E-02	8.932543E-03	8.304992E-03	7.526841E-03	6.668593E-03	5.885808E-03	4.611422E-03	3.347249E-03	2.184120E-03	1.228976E-03	6.688796E-04	3.801208E-04	

1.620856E-02	1.522487E-02	1.412106E-02	1.345989E-02	1.358038E-02	1.723491E-02	1.620894E-02	1.743056E-02	1.853867E-02	1.785198E-02	1.921282E-02	1.785376E-02	1.573670E-02	1.726057E-02	1.758575E-02	1.703689E-02	1.599133E-02	1.481496E-02	1.487770E-02	1.512295E-02	1.538102E-02	1.519301E-02	1.422373E-02	1.301639E-02	1.301456E-02	1.330293E-02	1.352684E-02	1.344973E-02	1.283782E-02	1.195207E-02	1.072625E-02	1.198813E-02	1.222993E-02	1.186208E-02	1.115817E-02	1.036257E-02	1.070976E-02	1.105436E-02	1.138723E-02	1.143158E-02	1.080987E-02	9.969007E-03	1.029613E-02	1.076403E-02	1.119687E-02	1.061268E-02	9.197546E-03	1.107867E-02	1.027053E-02	1.082721E-02	1.038715E-02	9.262534E-03	8.611820E-03	7.804909E-03	6.914930E-03	6.103201E-03	4.781688E-03	3.470761E-03	2.264617E-03	1.274154E-03	6.933641E-04	3.939758E-04	

1.618456E-02	1.537219E-02	1.450559E-02	1.398452E-02	1.433555E-02	1.818146E-02	1.708848E-02	1.828938E-02	1.933401E-02	1.854309E-02	1.986781E-02	1.843066E-02	1.623158E-02	1.776867E-02	1.808300E-02	1.750756E-02	1.642702E-02	1.521490E-02	1.528065E-02	1.553378E-02	1.580058E-02	1.561005E-02	1.461574E-02	1.337623E-02	1.338426E-02	1.369001E-02	1.392826E-02	1.385442E-02	1.322924E-02	1.231961E-02	1.105883E-02	1.237712E-02	1.263494E-02	1.225955E-02	1.153486E-02	1.071426E-02	1.107934E-02	1.144141E-02	1.179074E-02	1.184278E-02	1.120182E-02	1.033228E-02	1.067596E-02	1.116596E-02	1.162143E-02	1.101792E-02	9.550594E-03	1.150944E-02	1.067128E-02	1.125082E-02	1.079372E-02	9.625143E-03	8.949009E-03	8.110514E-03	7.185669E-03	6.342131E-03	4.968818E-03	3.606497E-03	2.353065E-03	1.323778E-03	7.202458E-04	4.091825E-04	

1.621703E-02	1.558929E-02	1.497624E-02	1.459221E-02	1.516563E-02	1.919002E-02	1.801694E-02	1.918859E-02	2.015835E-02	1.925794E-02	2.054511E-02	1.902725E-02	1.674346E-02	1.829839E-02	1.860396E-02	1.800220E-02	1.688581E-02	1.563663E-02	1.570773E-02	1.597127E-02	1.624918E-02	1.605827E-02	1.503824E-02	1.376474E-02	1.378476E-02	1.411030E-02	1.436484E-02	1.429503E-02	1.365587E-02	1.272047E-02	1.142178E-02	1.280232E-02	1.307795E-02	1.269450E-02	1.194716E-02	1.109928E-02	1.148396E-02	1.186558E-02	1.223333E-02	1.229424E-02	1.163235E-02	1.073143E-02	1.109335E-02	1.160763E-02	1.208794E-02	1.146318E-02	9.938472E-03	1.198175E-02	1.111039E-02	1.171499E-02	1.123931E-02	1.002254E-02	9.318507E-03	8.445369E-03	7.482300E-03	6.603896E-03	5.173811E-03	3.755171E-03	2.449924E-03	1.378102E-03	7.496615E-04	4.258184E-04	

1.631173E-02	1.588141E-02	1.553701E-02	1.528516E-02	1.606959E-02	2.025782E-02	1.899139E-02	2.012552E-02	2.100960E-02	1.999505E-02	2.124373E-02	1.964284E-02	1.727185E-02	1.885011E-02	1.914958E-02	1.852200E-02	1.736898E-02	1.608148E-02	1.616057E-02	1.643728E-02	1.672889E-02	1.653996E-02	1.549349E-02	1.418404E-02	1.421823E-02	1.456595E-02	1.483873E-02	1.477370E-02	1.411970E-02	1.315651E-02	1.181677E-02	1.326587E-02	1.356132E-02	1.316930E-02	1.239738E-02	1.151979E-02	1.192605E-02	1.232936E-02	1.271753E-02	1.278850E-02	1.210388E-02	1.116866E-02	1.155064E-02	1.209153E-02	1.259901E-02	1.195096E-02	1.036336E-02	1.249833E-02	1.159043E-02	1.222183E-02	1.172561E-02	1.045621E-02	9.721766E-03	8.810850E-03	7.806077E-03	6.889624E-03	5.397580E-03	3.917467E-03	2.555662E-03	1.437409E-03	7.817797E-04	4.439883E-04	

1.647460E-02	1.625361E-02	1.619114E-02	1.606464E-02	1.704528E-02	2.138096E-02	2.000790E-02	2.109656E-02	2.188481E-02	2.075227E-02	2.196214E-02	2.027632E-02	1.781587E-02	1.942373E-02	1.972023E-02	1.906763E-02	1.787732E-02	1.655025E-02	1.664027E-02	1.693318E-02	1.724129E-02	1.705695E-02	1.598334E-02	1.463591E-02	1.468656E-02	1.505892E-02	1.535193E-02	1.529241E-02	1.462264E-02	1.362950E-02	1.224540E-02	1.376948E-02	1.408678E-02	1.368562E-02	1.288707E-02	1.197724E-02	1.240734E-02	1.283471E-02	1.324550E-02	1.332792E-02	1.261869E-02	1.164616E-02	1.204990E-02	1.261954E-02	1.315625E-02	1.248260E-02	1.082634E-02	1.306039E-02	1.211248E-02	1.277324E-02	1.225484E-02	1.092817E-02	1.016058E-02	9.208522E-03	8.158353E-03	7.200491E-03	5.641023E-03	4.094024E-03	2.670687E-03	1.501925E-03	8.167218E-04	4.637604E-04	

1.671156E-02	1.671064E-02	1.694123E-02	1.693141E-02	1.809041E-02	2.255618E-02	2.106341E-02	2.209863E-02	2.278099E-02	2.152743E-02	2.269911E-02	2.092691E-02	1.837504E-02	2.001941E-02	2.031645E-02	1.963979E-02	1.841161E-02	1.704376E-02	1.714781E-02	1.746004E-02	1.778756E-02	1.761047E-02	1.650899E-02	1.512148E-02	1.519108E-02	1.559063E-02	1.590592E-02	1.585267E-02	1.516616E-02	1.414084E-02	1.270893E-02	1.431458E-02	1.465601E-02	1.424521E-02	1.341794E-02	1.247324E-02	1.292975E-02	1.338379E-02	1.381967E-02	1.391513E-02	1.317942E-02	1.216638E-02	1.259376E-02	1.319448E-02	1.376264E-02	1.306097E-02	1.132988E-02	1.367078E-02	1.267919E-02	1.337127E-02	1.282859E-02	1.143980E-02	1.063634E-02	9.639703E-03	8.540327E-03	7.537573E-03	5.905001E-03	4.285473E-03	2.795409E-03	1.571875E-03	8.546054E-04	4.851998E-04	

1.702861E-02	1.725691E-02	1.778904E-02	1.788531E-02	1.920179E-02	2.377918E-02	2.215387E-02	2.312824E-02	2.369562E-02	2.231894E-02	2.345386E-02	2.159427E-02	1.894921E-02	2.063814E-02	2.093992E-02	2.024052E-02	1.897397E-02	1.756410E-02	1.768556E-02	1.802036E-02	1.837031E-02	1.820321E-02	1.707299E-02	1.564312E-02	1.573414E-02	1.616336E-02	1.650292E-02	1.645661E-02	1.575224E-02	1.469233E-02	1.320899E-02	1.490258E-02	1.527069E-02	1.484980E-02	1.399166E-02	1.300936E-02	1.349485E-02	1.397823E-02	1.444166E-02	1.455172E-02	1.378749E-02	1.273062E-02	1.318343E-02	1.381742E-02	1.441905E-02	1.368676E-02	1.187449E-02	1.433038E-02	1.329140E-02	1.401756E-02	1.344882E-02	1.199288E-02	1.115057E-02	1.010570E-02	8.953113E-03	7.901818E-03	6.190213E-03	4.492285E-03	2.930102E-03	1.647380E-03	8.954700E-04	5.083156E-04	

1.743152E-02	1.789627E-02	1.873540E-02	1.892520E-02	2.037523E-02	2.504536E-02	2.327527E-02	2.418180E-02	2.462572E-02	2.312469E-02	2.422513E-02	2.227758E-02	1.953782E-02	2.128040E-02	2.159177E-02	2.087124E-02	1.956593E-02	1.811283E-02	1.825535E-02	1.861610E-02	1.899157E-02	1.883725E-02	1.767733E-02	1.620267E-02	1.631769E-02	1.677910E-02	1.714498E-02	1.710628E-02	1.638285E-02	1.528583E-02	1.374724E-02	1.553583E-02	1.593340E-02	1.550201E-02	1.461077E-02	1.358802E-02	1.410537E-02	1.462102E-02	1.511474E-02	1.524120E-02	1.444636E-02	1.334212E-02	1.382213E-02	1.449158E-02	1.512858E-02	1.436281E-02	1.246257E-02	1.504207E-02	1.395179E-02	1.471460E-02	1.411772E-02	1.258936E-02	1.170518E-02	1.060832E-02	9.398336E-03	8.294683E-03	6.497822E-03	4.715319E-03	3.075335E-03	1.728768E-03	9.395002E-04	5.332152E-04	

1.792915E-02	1.863543E-02	1.978387E-02	2.005332E-02	2.161157E-02	2.635636E-02	2.442937E-02	2.526206E-02	2.557535E-02	2.394975E-02	2.501987E-02	2.298385E-02	2.014729E-02	2.195375E-02	2.227996E-02	2.153981E-02	2.019496E-02	1.869691E-02	1.886443E-02	1.925465E-02	1.965894E-02	1.952013E-02	1.832913E-02	1.680667E-02	1.694831E-02	1.744461E-02	1.783896E-02	1.780851E-02	1.706451E-02	1.592742E-02	1.432916E-02	1.622109E-02	1.665134E-02	1.620901E-02	1.528210E-02	1.421562E-02	1.476786E-02	1.531878E-02	1.584560E-02	1.599012E-02	1.516213E-02	1.400648E-02	1.451565E-02	1.522298E-02	1.589749E-02	1.509504E-02	1.309925E-02	1.581189E-02	1.466595E-02	1.546820E-02	1.484085E-02	1.323419E-02	1.230475E-02	1.115167E-02	9.879633E-03	8.719375E-03	6.830345E-03	4.956412E-03	3.232324E-03	1.816740E-03	9.870922E-04	5.601317E-04	

1.852722E-02	1.947806E-02	2.093509E-02	2.126889E-02	2.290818E-02	2.771022E-02	2.561476E-02	2.636801E-02	2.654398E-02	2.479454E-02	2.583995E-02	2.371532E-02	2.077982E-02	2.266161E-02	2.300851E-02	2.225044E-02	2.086518E-02	1.932026E-02	1.951687E-02	1.994008E-02	2.037641E-02	2.025569E-02	1.903190E-02	1.745831E-02	1.762919E-02	1.816307E-02	1.858804E-02	1.856644E-02	1.780019E-02	1.661985E-02	1.495721E-02	1.696234E-02	1.742898E-02	1.697535E-02	1.601009E-02	1.489640E-02	1.548654E-02	1.607570E-02	1.663835E-02	1.680237E-02	1.593838E-02	1.472695E-02	1.526711E-02	1.601465E-02	1.672860E-02	1.588602E-02	1.378672E-02	1.664314E-02	1.543713E-02	1.628223E-02	1.562209E-02	1.393085E-02	1.295246E-02	1.173862E-02	1.039955E-02	9.178139E-03	7.189545E-03	5.216851E-03	3.401919E-03	1.911791E-03	1.038528E-03	5.892315E-04	

1.922783E-02	2.042403E-02	2.218554E-02	2.256684E-02	2.425775E-02	2.909799E-02	2.682324E-02	2.749191E-02	2.752481E-02	2.565355E-02	2.668065E-02	2.446806E-02	2.143216E-02	2.340133E-02	2.377524E-02	2.300128E-02	2.157501E-02	1.998154E-02	2.021148E-02	2.067100E-02	2.114242E-02	2.104217E-02	1.978390E-02	1.815594E-02	1.835839E-02	1.893260E-02	1.939040E-02	1.937829E-02	1.858825E-02	1.736163E-02	1.563006E-02	1.775898E-02	1.826611E-02	1.780107E-02	1.679492E-02	1.563058E-02	1.626169E-02	1.689196E-02	1.749311E-02	1.767796E-02	1.677506E-02	1.550344E-02	1.607649E-02	1.686668E-02	1.762216E-02	1.673604E-02	1.452524E-02	1.753542E-02	1.626476E-02	1.715541E-02	1.645993E-02	1.467796E-02	1.364712E-02	1.236815E-02	1.095719E-02	9.670210E-03	7.574843E-03	5.496233E-03	3.583873E-03	2.013793E-03	1.093749E-03	6.204864E-04	

2.003621E-02	2.147600E-02	2.353426E-02	2.394485E-02	2.565644E-02	3.051576E-02	2.805143E-02	2.863138E-02	2.851691E-02	2.652739E-02	2.754467E-02	2.524532E-02	2.210745E-02	2.417690E-02	2.458444E-02	2.379664E-02	2.232858E-02	2.068461E-02	2.095252E-02	2.145169E-02	2.196131E-02	2.188382E-02	2.058911E-02	1.890323E-02	1.913842E-02	1.975591E-02	2.024891E-02	2.024702E-02	1.943154E-02	1.815540E-02	1.635006E-02	1.861447E-02	1.916673E-02	1.869030E-02	1.764057E-02	1.642193E-02	1.709695E-02	1.777100E-02	1.841310E-02	1.861971E-02	1.767462E-02	1.633809E-02	1.694584E-02	1.778110E-02	1.858019E-02	1.764694E-02	1.531638E-02	1.849139E-02	1.715152E-02	1.809124E-02	1.735799E-02	1.547875E-02	1.439163E-02	1.304281E-02	1.155479E-02	1.019752E-02	7.987706E-03	5.795580E-03	3.778808E-03	2.123056E-03	1.152891E-03	6.539611E-04	

2.095748E-02	2.263680E-02	2.498093E-02	2.540180E-02	2.710267E-02	3.196267E-02	2.929893E-02	2.978658E-02	2.952122E-02	2.741814E-02	2.843593E-02	2.605133E-02	2.280973E-02	2.499345E-02	2.544165E-02	2.464203E-02	2.313116E-02	2.143441E-02	2.174508E-02	2.228710E-02	2.283784E-02	2.278504E-02	2.145150E-02	1.970373E-02	1.997104E-02	2.063492E-02	2.116559E-02	2.117466E-02	2.033200E-02	1.900294E-02	1.711871E-02	1.953149E-02	2.013407E-02	1.964639E-02	1.855030E-02	1.727352E-02	1.799546E-02	1.871592E-02	1.940136E-02	1.963047E-02	1.863963E-02	1.723317E-02	1.787758E-02	1.876060E-02	1.960565E-02	1.862161E-02	1.616264E-02	1.951414E-02	1.810023E-02	1.909253E-02	1.831889E-02	1.633559E-02	1.518829E-02	1.376474E-02	1.219425E-02	1.076174E-02	8.429437E-03	6.115804E-03	3.987275E-03	2.239835E-03	1.216049E-03	6.896900E-04	

2.199738E-02	2.390979E-02	2.652568E-02	2.693697E-02	2.859528E-02	3.343822E-02	3.056554E-02	3.095875E-02	3.054090E-02	2.832999E-02	2.936026E-02	2.689200E-02	2.354440E-02	2.585723E-02	2.635331E-02	2.554376E-02	2.398870E-02	2.223648E-02	2.259480E-02	2.318256E-02	2.377711E-02	2.375046E-02	2.237521E-02	2.056115E-02	2.086085E-02	2.157479E-02	2.214610E-02	2.216713E-02	2.129558E-02	1.990997E-02	1.794134E-02	2.051630E-02	2.117472E-02	2.067586E-02	1.953033E-02	1.819118E-02	1.896312E-02	1.973258E-02	2.046372E-02	2.071587E-02	1.967530E-02	1.819344E-02	1.887660E-02	1.981031E-02	2.070396E-02	1.966524E-02	1.706855E-02	2.060886E-02	1.911567E-02	2.016412E-02	1.934719E-02	1.725246E-02	1.604068E-02	1.453713E-02	1.287837E-02	1.136535E-02	8.901969E-03	6.458331E-03	4.210235E-03	2.364710E-03	1.283574E-03	7.278873E-04	

2.316225E-02	2.529933E-02	2.817023E-02	2.855117E-02	3.013443E-02	3.494285E-02	3.185182E-02	3.214996E-02	3.158018E-02	2.926863E-02	3.032582E-02	2.777565E-02	2.431910E-02	2.677654E-02	2.732766E-02	2.650969E-02	2.490850E-02	2.309755E-02	2.350870E-02	2.414508E-02	2.478610E-02	2.478679E-02	2.336646E-02	2.148118E-02	2.181459E-02	2.258286E-02	2.319831E-02	2.323256E-02	2.233031E-02	2.088418E-02	1.882503E-02	2.157653E-02	2.229627E-02	2.178601E-02	2.058749E-02	1.918127E-02	2.000613E-02	2.082700E-02	2.160605E-02	2.188135E-02	2.078660E-02	1.922339E-02	1.994745E-02	2.093496E-02	2.188005E-02	2.078249E-02	1.803822E-02	2.178112E-02	2.020318E-02	2.131193E-02	2.044867E-02	1.823462E-02	1.695382E-02	1.536458E-02	1.361128E-02	1.201201E-02	9.408217E-03	6.825308E-03	4.449121E-03	2.498516E-03	1.355935E-03	7.688239E-04	

2.446023E-02	2.681153E-02	2.991804E-02	3.024749E-02	3.172386E-02	3.648212E-02	3.316323E-02	3.336687E-02	3.264716E-02	3.024277E-02	3.134326E-02	2.871262E-02	2.514315E-02	2.776196E-02	2.837545E-02	2.755020E-02	2.590033E-02	2.402667E-02	2.449596E-02	2.518369E-02	2.587378E-02	2.590259E-02	2.443314E-02	2.247094E-02	2.284072E-02	2.366827E-02	2.433196E-02	2.438097E-02	2.344611E-02	2.193502E-02	1.977849E-02	2.272148E-02	2.350798E-02	2.298568E-02	2.173008E-02	2.025147E-02	2.113243E-02	2.200736E-02	2.283679E-02	2.313541E-02	2.198157E-02	2.033048E-02	2.109797E-02	2.214296E-02	2.314291E-02	2.198204E-02	1.907926E-02	2.303904E-02	2.137004E-02	2.254320E-02	2.163014E-02	1.928810E-02	1.793328E-02	1.625216E-02	1.439747E-02	1.270571E-02	9.951336E-03	7.219068E-03	4.705507E-03	2.642194E-03	1.433690E-03	8.128350E-04	

2.590168E-02	2.845562E-02	3.177704E-02	3.203315E-02	3.337050E-02	3.806419E-02	3.450727E-02	3.461910E-02	3.375418E-02	3.126517E-02	3.242706E-02	2.971666E-02	2.602878E-02	2.882696E-02	2.951008E-02	2.867812E-02	2.697614E-02	2.503489E-02	2.556662E-02	2.630833E-02	2.704996E-02	2.710723E-02	2.558382E-02	2.353819E-02	2.394802E-02	2.484121E-02	2.555848E-02	2.562445E-02	2.465518E-02	2.307421E-02	2.081255E-02	2.396274E-02	2.482126E-02	2.428575E-02	2.296819E-02	2.141108E-02	2.235148E-02	2.328335E-02	2.416582E-02	2.448788E-02	2.326948E-02	2.152323E-02	2.233700E-02	2.344359E-02	2.450232E-02	2.327319E-02	2.019976E-02	2.439303E-02	2.262606E-02	2.386842E-02	2.290170E-02	2.042186E-02	1.898730E-02	1.720726E-02	1.524345E-02	1.345217E-02	1.053580E-02	7.642840E-03	4.981487E-03	2.796913E-03	1.517469E-03	8.602786E-04	

2.750185E-02	3.024600E-02	3.376056E-02	3.392082E-02	3.508702E-02	3.970393E-02	3.589763E-02	3.592223E-02	3.491913E-02	3.235386E-02	3.359752E-02	3.080691E-02	2.699301E-02	2.998986E-02	3.074951E-02	2.991050E-02	2.815174E-02	2.613674E-02	2.673141E-02	2.753010E-02	2.832611E-02	2.841206E-02	2.682908E-02	2.469246E-02	2.514701E-02	2.611379E-02	2.689135E-02	2.697720E-02	2.597170E-02	2.431526E-02	2.193949E-02	2.531335E-02	2.624893E-02	2.569829E-02	2.431295E-02	2.267026E-02	2.367379E-02	2.466588E-02	2.560450E-02	2.595025E-02	2.466122E-02	2.281165E-02	2.367509E-02	2.484815E-02	2.597033E-02	2.466748E-02	2.140973E-02	2.585518E-02	2.398240E-02	2.529974E-02	2.427517E-02	2.164656E-02	2.012596E-02	1.823912E-02	1.615744E-02	1.425864E-02	1.116722E-02	8.100635E-03	5.279585E-03	2.963991E-03	1.607911E-03	9.114878E-04	

2.930688E-02	3.223811E-02	3.593707E-02	3.598348E-02	3.695545E-02	4.149831E-02	3.742312E-02	3.736692E-02	3.623225E-02	3.359259E-02	3.494126E-02	3.206267E-02	2.810521E-02	3.132737E-02	3.217153E-02	3.132253E-02	2.949770E-02	2.739763E-02	2.805334E-02	2.891385E-02	2.976888E-02	2.988374E-02	2.823167E-02	2.599127E-02	2.649698E-02	2.754869E-02	2.839606E-02	2.850547E-02	2.745998E-02	2.571858E-02	2.321390E-02	2.683587E-02	2.785547E-02	2.728617E-02	2.582366E-02	2.408417E-02	2.515715E-02	2.621544E-02	2.721588E-02	2.758673E-02	2.621790E-02	2.425231E-02	2.517116E-02	2.641870E-02	2.761212E-02	2.622688E-02	2.276299E-02	2.749100E-02	2.549991E-02	2.690078E-02	2.581128E-02	2.301611E-02	2.139915E-02	1.939277E-02	1.717924E-02	1.516018E-02	1.187298E-02	8.612232E-03	5.612619E-03	3.150554E-03	1.708841E-03	9.686227E-04	

3.134665E-02	3.446007E-02	3.833150E-02	3.824145E-02	3.898921E-02	4.345813E-02	3.909233E-02	3.896329E-02	3.770593E-02	3.499407E-02	3.647282E-02	3.349777E-02	2.937774E-02	3.285459E-02	3.379150E-02	3.292914E-02	3.102808E-02	2.883064E-02	2.954675E-02	3.047446E-02	3.139368E-02	3.153793E-02	2.980652E-02	2.744856E-02	2.801294E-02	2.916255E-02	3.009063E-02	3.022800E-02	2.913862E-02	2.730195E-02	2.465217E-02	2.854815E-02	2.965875E-02	2.906659E-02	2.751641E-02	2.566773E-02	2.681683E-02	2.794776E-02	2.901611E-02	2.941350E-02	2.795485E-02	2.585937E-02	2.683975E-02	2.817034E-02	2.944323E-02	2.796610E-02	2.427226E-02	2.931529E-02	2.719220E-02	2.868661E-02	2.752489E-02	2.454403E-02	2.281970E-02	2.068001E-02	1.831938E-02	1.616614E-02	1.266048E-02	9.183047E-03	5.984159E-03	3.358642E-03	1.821380E-03	1.032316E-03	

3.367564E-02	3.696722E-02	4.099960E-02	4.074608E-02	4.123378E-02	4.563149E-02	4.094789E-02	4.075601E-02	3.938672E-02	3.660325E-02	3.824077E-02	3.515745E-02	3.085054E-02	3.461746E-02	3.565600E-02	3.477541E-02	3.278525E-02	3.047516E-02	3.125500E-02	3.225714E-02	3.324763E-02	3.342276E-02	3.159968E-02	2.910715E-02	2.973866E-02	3.100092E-02	3.202200E-02	3.219194E-02	3.105315E-02	2.910816E-02	2.629311E-02	3.049340E-02	3.170281E-02	3.108226E-02	2.943147E-02	2.745843E-02	2.869211E-02	2.990399E-02	3.104815E-02	3.147446E-02	2.991397E-02	2.767174E-02	2.872137E-02	3.014566E-02	3.150827E-02	2.992759E-02	2.597451E-02	3.137290E-02	2.910099E-02	3.070063E-02	2.945731E-02	2.626699E-02	2.442150E-02	2.213147E-02	1.960498E-02	1.730044E-02	1.354849E-02	9.826791E-03	6.403247E-03	3.593443E-03	1.948425E-03	1.104238E-03	

3.639763E-02	3.986921E-02	4.405730E-02	4.360822E-02	4.379416E-02	4.813232E-02	4.309148E-02	4.284826E-02	4.137736E-02	3.851725E-02	4.034813E-02	3.713701E-02	3.260752E-02	3.671259E-02	3.786438E-02	3.695825E-02	3.486065E-02	3.241627E-02	3.326781E-02	3.435490E-02	3.542699E-02	3.563561E-02	3.370366E-02	3.105266E-02	3.176194E-02	3.315554E-02	3.428508E-02	3.449287E-02	3.329596E-02	3.122400E-02	2.821535E-02	3.276238E-02	3.408179E-02	3.342541E-02	3.165618E-02	2.953779E-02	3.086812E-02	3.217285E-02	3.340412E-02	3.386298E-02	3.218409E-02	2.977167E-02	3.090122E-02	3.243385E-02	3.390021E-02	3.219958E-02	2.794635E-02	3.375572E-02	3.131142E-02	3.303246E-02	3.169452E-02	2.826172E-02	2.627595E-02	2.381189E-02	2.109343E-02	1.861381E-02	1.457683E-02	1.057242E-02	6.888849E-03	3.865701E-03	2.095869E-03	1.187747E-03	

3.969652E-02	4.336071E-02	4.771068E-02	4.702559E-02	4.685886E-02	5.116470E-02	4.570509E-02	4.542399E-02	4.385982E-02	4.090732E-02	4.297553E-02	3.960317E-02	3.479527E-02	3.930507E-02	4.058683E-02	3.964370E-02	3.741089E-02	3.479960E-02	3.573648E-02	3.692603E-02	3.809685E-02	3.834497E-02	3.627900E-02	3.343365E-02	3.423511E-02	3.578545E-02	3.704431E-02	3.729615E-02	3.602664E-02	3.379911E-02	3.055407E-02	3.551089E-02	3.695716E-02	3.625407E-02	3.434002E-02	3.204517E-02	3.349047E-02	3.490619E-02	3.624174E-02	3.673909E-02	3.491734E-02	3.229991E-02	3.352554E-02	3.518857E-02	3.677981E-02	3.493485E-02	3.032040E-02	3.662389E-02	3.397202E-02	3.583867E-02	3.438669E-02	3.066218E-02	2.850776E-02	2.583440E-02	2.288500E-02	2.019474E-02	1.581481E-02	1.147023E-02	7.473746E-03	4.193809E-03	2.273680E-03	1.288488E-03	

4.356903E-02	4.743148E-02	5.194358E-02	5.098579E-02	5.042532E-02	5.474732E-02	4.881233E-02	4.851590E-02	4.687654E-02	4.381706E-02	4.617082E-02	4.260077E-02	3.745352E-02	4.242589E-02	4.385312E-02	4.285935E-02	4.046089E-02	3.764741E-02	3.868574E-02	3.999858E-02	4.128849E-02	4.158520E-02	3.935938E-02	3.628157E-02	3.719133E-02	3.892609E-02	4.033689E-02	4.063958E-02	3.928184E-02	3.686781E-02	3.334012E-02	3.877729E-02	4.036997E-02	3.960906E-02	3.752187E-02	3.501690E-02	3.659793E-02	3.814514E-02	3.960436E-02	4.014742E-02	3.815639E-02	3.529598E-02	3.663543E-02	3.845295E-02	4.019210E-02	3.817604E-02	3.313345E-02	4.002154E-02	3.712348E-02	3.916385E-02	3.757742E-02	3.350717E-02	3.115254E-02	2.823094E-02	2.500777E-02	2.206783E-02	1.728147E-02	1.253378E-02	8.166538E-03	4.582381E-03	2.484231E-03	1.407784E-03	

4.931876E-02	5.352794E-02	5.836662E-02	5.706655E-02	5.603483E-02	6.052161E-02	5.386634E-02	5.355868E-02	5.180273E-02	4.853038E-02	5.128490E-02	4.737581E-02	4.167773E-02	4.731321E-02	4.894700E-02	4.786182E-02	4.519784E-02	4.206477E-02	4.325566E-02	4.475671E-02	4.622907E-02	4.659824E-02	4.412298E-02	4.068373E-02	4.174733E-02	4.374796E-02	4.537703E-02	4.574726E-02	4.424534E-02	4.154133E-02	3.757841E-02	4.373070E-02	4.553737E-02	4.468452E-02	4.233281E-02	3.950839E-02	4.129359E-02	4.303943E-02	4.468571E-02	4.529806E-02	4.305124E-02	3.982354E-02	4.133528E-02	4.338660E-02	4.534972E-02	4.307511E-02	3.738525E-02	4.515895E-02	4.188898E-02	4.419156E-02	4.240140E-02	3.780848E-02	3.515161E-02	3.185488E-02	2.821779E-02	2.490029E-02	1.949924E-02	1.414186E-02	9.213840E-03	5.169584E-03	2.802275E-03	1.587953E-03	

5.881647E-02	6.367070E-02	6.916614E-02	6.739041E-02	6.574266E-02	7.069370E-02	6.282678E-02	6.251024E-02	6.054582E-02	5.685143E-02	6.023939E-02	5.570947E-02	4.903794E-02	5.575545E-02	5.772241E-02	5.646615E-02	5.333710E-02	4.964903E-02	5.109570E-02	5.291527E-02	5.469714E-02	5.518618E-02	5.228077E-02	4.822032E-02	4.952958E-02	5.196043E-02	5.394160E-02	5.441313E-02	5.265448E-02	4.945211E-02	4.474663E-02	5.209222E-02	5.425212E-02	5.323991E-02	5.043983E-02	4.707548E-02	4.920418E-02	5.128505E-02	5.324708E-02	5.397696E-02	5.129944E-02	4.745299E-02	4.925547E-02	5.170116E-02	5.404218E-02	5.133198E-02	4.455123E-02	5.381854E-02	4.992187E-02	5.266480E-02	5.053039E-02	4.505631E-02	4.188988E-02	3.796090E-02	3.362631E-02	2.967260E-02	2.323582E-02	1.685114E-02	1.097828E-02	6.158838E-03	3.338068E-03	1.891486E-03	

7.571979E-02	8.185811E-02	8.872757E-02	8.624276E-02	8.373331E-02	8.976638E-02	7.969597E-02	7.936988E-02	7.700099E-02	7.247037E-02	7.696623E-02	7.124738E-02	6.274837E-02	7.142562E-02	7.398796E-02	7.240199E-02	6.840442E-02	6.368432E-02	6.559830E-02	6.800288E-02	7.035393E-02	7.106067E-02	6.735814E-02	6.214827E-02	6.389309E-02	6.709274E-02	6.970187E-02	7.034566E-02	6.810246E-02	6.397756E-02	5.790308E-02	6.742462E-02	7.022566E-02	6.891797E-02	6.529449E-02	6.093975E-02	6.369671E-02	6.639110E-02	6.893150E-02	6.987670E-02	6.641033E-02	6.143049E-02	6.376522E-02	6.693287E-02	6.996552E-02	6.645725E-02	5.767831E-02	6.968158E-02	6.463714E-02	6.818759E-02	6.542304E-02	5.833515E-02	5.423567E-02	4.914867E-02	4.353635E-02	3.841714E-02	3.008284E-02	2.181603E-02	1.421200E-02	7.972136E-03	4.320331E-03	2.447959E-03	

1.021135E-01	1.103724E-01	1.195715E-01	1.161338E-01	1.125445E-01	1.206013E-01	1.070589E-01	1.067844E-01	1.038195E-01	9.796601E-02	1.042493E-01	9.658601E-02	8.510686E-02	9.695865E-02	1.004816E-01	9.835438E-02	9.294082E-02	8.653969E-02	8.922553E-02	9.259874E-02	9.589180E-02	9.697194E-02	9.197794E-02	8.489683E-02	8.735163E-02	9.179998E-02	9.542816E-02	9.634885E-02	9.331126E-02	8.767914E-02	7.936965E-02	9.243205E-02	9.627420E-02	9.448236E-02	8.951519E-02	8.354506E-02	8.732539E-02	9.101954E-02	9.450252E-02	9.579852E-02	9.104613E-02	8.421873E-02	8.742033E-02	9.176410E-02	9.592305E-02	9.111354E-02	7.907742E-02	9.553586E-02	8.861987E-02	9.348886E-02	8.969892E-02	7.998088E-02	7.436018E-02	6.738544E-02	5.969041E-02	5.267148E-02	4.124438E-02	2.990985E-02	1.948413E-02	1.092893E-02	5.922314E-03	3.355566E-03	

1.343099E-01	1.452663E-01	1.574916E-01	1.530886E-01	1.485163E-01	1.595284E-01	1.417367E-01	1.416942E-01	1.381522E-01	1.307746E-01	1.394235E-01	1.292839E-01	1.139781E-01	1.299628E-01	1.347481E-01	1.319345E-01	1.246984E-01	1.161289E-01	1.198553E-01	1.245339E-01	1.290941E-01	1.307162E-01	1.240693E-01	1.145659E-01	1.179626E-01	1.240492E-01	1.290133E-01	1.302993E-01	1.262283E-01	1.186307E-01	1.074049E-01	1.250885E-01	1.302884E-01	1.278636E-01	1.211419E-01	1.130624E-01	1.181786E-01	1.231780E-01	1.278915E-01	1.296456E-01	1.232143E-01	1.139748E-01	1.183084E-01	1.241880E-01	1.298177E-01	1.233094E-01	1.070208E-01	1.292908E-01	1.199303E-01	1.265253E-01	1.213995E-01	1.082477E-01	1.006401E-01	9.120007E-02	8.078539E-02	7.128585E-02	5.582028E-02	4.048006E-02	2.636985E-02	1.479118E-02	8.015169E-03	4.541300E-03	

1.647482E-01	1.779550E-01	1.926547E-01	1.872790E-01	1.817162E-01	1.958165E-01	1.741850E-01	1.746818E-01	1.709958E-01	1.624960E-01	1.736972E-01	1.612477E-01	1.422523E-01	1.624503E-01	1.685701E-01	1.651315E-01	1.561245E-01	1.454301E-01	1.502584E-01	1.563107E-01	1.621992E-01	1.644468E-01	1.561905E-01	1.442865E-01	1.486534E-01	1.563992E-01	1.627148E-01	1.643749E-01	1.592734E-01	1.497068E-01	1.355564E-01	1.578765E-01	1.644369E-01	1.613754E-01	1.528916E-01	1.426943E-01	1.491518E-01	1.554621E-01	1.614116E-01	1.636262E-01	1.555099E-01	1.438491E-01	1.493192E-01	1.567404E-01	1.638464E-01	1.556326E-01	1.350747E-01	1.631817E-01	1.513674E-01	1.596980E-01	1.532318E-01	1.366318E-01	1.270283E-01	1.151123E-01	1.019666E-01	8.997618E-02	7.045553E-02	5.109324E-02	3.328353E-02	1.866914E-02	1.011655E-02	5.731881E-03	

1.875562E-01	2.017895E-01	2.174495E-01	2.110523E-01	2.043390E-01	2.208897E-01	1.967317E-01	1.980599E-01	1.948637E-01	1.859397E-01	1.994148E-01	1.853738E-01	1.636573E-01	1.872958E-01	1.945716E-01	1.907261E-01	1.803955E-01	1.680861E-01	1.738472E-01	1.810480E-01	1.880417E-01	1.908661E-01	1.813915E-01	1.676272E-01	1.727804E-01	1.818447E-01	1.892325E-01	1.911926E-01	1.852847E-01	1.741704E-01	1.577187E-01	1.836928E-01	1.913254E-01	1.877626E-01	1.778911E-01	1.660256E-01	1.735409E-01	1.808849E-01	1.878091E-01	1.903880E-01	1.809447E-01	1.673767E-01	1.737433E-01	1.823805E-01	1.906514E-01	1.810944E-01	1.571727E-01	1.898838E-01	1.761369E-01	1.858303E-01	1.783053E-01	1.589888E-01	1.478144E-01	1.339487E-01	1.186517E-01	1.046989E-01	8.198336E-02	5.945213E-02	3.872771E-02	2.172186E-02	1.177018E-02	6.668715E-03	

2.018928E-01	2.160514E-01	2.313466E-01	2.239804E-01	2.161059E-01	2.343335E-01	2.089679E-01	2.112152E-01	2.089075E-01	2.000456E-01	2.152220E-01	2.003181E-01	1.769638E-01	2.029484E-01	2.110617E-01	2.070159E-01	1.958741E-01	1.825537E-01	1.889740E-01	1.969766E-01	2.047380E-01	2.080040E-01	1.977710E-01	1.828139E-01	1.884984E-01	1.984337E-01	2.065285E-01	2.086891E-01	2.022587E-01	1.901354E-01	1.721817E-01	2.005493E-01	2.088855E-01	2.049964E-01	1.942184E-01	1.812629E-01	1.894722E-01	1.974945E-01	2.050582E-01	2.078778E-01	1.975678E-01	1.827529E-01	1.897077E-01	1.991419E-01	2.081771E-01	1.977421E-01	1.716198E-01	2.073480E-01	1.923374E-01	2.029205E-01	1.947013E-01	1.736071E-01	1.614050E-01	1.462640E-01	1.295596E-01	1.143231E-01	8.951780E-02	6.491391E-02	4.228343E-02	2.371422E-02	1.284861E-02	7.279646E-03	

2.092678E-01	2.227894E-01	2.370774E-01	2.288668E-01	2.199043E-01	2.389582E-01	2.132878E-01	2.162457E-01	2.147937E-01	2.061867E-01	2.223068E-01	2.070842E-01	1.830162E-01	2.102179E-01	2.187989E-01	2.147008E-01	2.031988E-01	1.894136E-01	1.961992E-01	2.046408E-01	2.128196E-01	2.163588E-01	2.057836E-01	1.902574E-01	1.962186E-01	2.065917E-01	2.150407E-01	2.173038E-01	2.106191E-01	1.979999E-01	1.793062E-01	2.088559E-01	2.175395E-01	2.134895E-01	2.022641E-01	1.887706E-01	1.973237E-01	2.056822E-01	2.135627E-01	2.165026E-01	2.057654E-01	1.903351E-01	1.975814E-01	2.074102E-01	2.168242E-01	2.059559E-01	1.787469E-01	2.159706E-01	2.003368E-01	2.113580E-01	2.027948E-01	1.808220E-01	1.681125E-01	1.523416E-01	1.349422E-01	1.190718E-01	9.323438E-02	6.760703E-02	4.403555E-02	2.469494E-02	1.337887E-02	7.580006E-03	

2.132247E-01	2.259874E-01	2.391179E-01	2.300766E-01	2.199339E-01	2.390931E-01	2.134758E-01	2.168820E-01	2.160449E-01	2.076950E-01	2.242031E-01	2.089477E-01	1.847055E-01	2.124081E-01	2.212159E-01	2.171470E-01	2.055555E-01	1.916363E-01	1.985935E-01	2.072362E-01	2.156038E-01	2.192953E-01	2.086271E-01	1.929135E-01	1.989874E-01	2.095241E-01	2.181044E-01	2.204067E-01	2.136320E-01	2.008347E-01	1.818743E-01	2.118544E-01	2.206651E-01	2.165576E-01	2.051707E-01	1.914827E-01	2.001613E-01	2.086424E-01	2.166385E-01	2.196230E-01	2.087314E-01	1.930783E-01	2.004294E-01	2.104004E-01	2.199504E-01	2.089247E-01	1.813218E-01	2.190845E-01	2.032247E-01	2.144082E-01	2.057226E-01	1.834322E-01	1.705389E-01	1.545398E-01	1.368886E-01	1.207886E-01	9.457743E-02	6.857956E-02	4.466758E-02	2.504805E-02	1.356942E-02	7.687899E-03	

2.136076E-01	2.250283E-01	2.363079E-01	2.264044E-01	2.150431E-01	2.338010E-01	2.088006E-01	2.126108E-01	2.123307E-01	2.043532E-01	2.207580E-01	2.057999E-01	1.819547E-01	2.094594E-01	2.182660E-01	2.143186E-01	2.029166E-01	1.892011E-01	1.961390E-01	2.047460E-01	2.130735E-01	2.167977E-01	2.062886E-01	1.907721E-01	1.967945E-01	2.072206E-01	2.157088E-01	2.179872E-01	2.112882E-01	1.986322E-01	1.798805E-01	2.095293E-01	2.182420E-01	2.141790E-01	2.029170E-01	1.893793E-01	1.979628E-01	2.063512E-01	2.142601E-01	2.172124E-01	2.064408E-01	1.909597E-01	1.982312E-01	2.080938E-01	2.175402E-01	2.066359E-01	1.793357E-01	2.166827E-01	2.009962E-01	2.120576E-01	2.034677E-01	1.814223E-01	1.686713E-01	1.528480E-01	1.353904E-01	1.194666E-01	9.354236E-02	6.782889E-02	4.417841E-02	2.477345E-02	1.342042E-02	7.603377E-03	

2.167206E-01	2.270537E-01	2.368342E-01	2.260252E-01	2.134635E-01	2.319197E-01	2.071037E-01	2.111955E-01	2.111029E-01	2.031723E-01	2.193907E-01	2.045018E-01	1.808053E-01	2.082771E-01	2.171212E-01	2.132448E-01	2.019305E-01	1.883025E-01	1.952541E-01	2.038705E-01	2.122029E-01	2.159632E-01	2.055219E-01	1.900793E-01	1.960829E-01	2.064652E-01	2.149152E-01	2.171810E-01	2.105037E-01	1.978938E-01	1.792124E-01	2.087347E-01	2.174070E-01	2.133565E-01	2.021368E-01	1.886514E-01	1.971980E-01	2.055507E-01	2.134264E-01	2.163644E-01	2.056344E-01	1.902143E-01	1.974510E-01	2.072679E-01	2.166679E-01	2.058044E-01	1.786136E-01	2.157925E-01	2.001673E-01	2.111739E-01	2.026165E-01	1.806615E-01	1.679612E-01	1.522032E-01	1.348190E-01	1.189627E-01	9.314860E-02	6.754459E-02	4.399474E-02	2.467194E-02	1.336638E-02	7.572962E-03	

2.182908E-01	2.271061E-01	2.349112E-01	2.230900E-01	2.092393E-01	2.268048E-01	2.024085E-01	2.064167E-01	2.061515E-01	1.981840E-01	2.136831E-01	1.990734E-01	1.759652E-01	2.027777E-01	2.114435E-01	2.077012E-01	1.967012E-01	1.834401E-01	1.902404E-01	1.986660E-01	2.068110E-01	2.105081E-01	2.003483E-01	1.853051E-01	1.911540E-01	2.012644E-01	2.094912E-01	2.116932E-01	2.051795E-01	1.928864E-01	1.746771E-01	2.034363E-01	2.118815E-01	2.079310E-01	1.969957E-01	1.838535E-01	1.921742E-01	2.003069E-01	2.079753E-01	2.108308E-01	2.003725E-01	1.853462E-01	1.923943E-01	2.019568E-01	2.111124E-01	2.005270E-01	1.740345E-01	2.102500E-01	1.950250E-01	2.057476E-01	1.974103E-01	1.760180E-01	1.636400E-01	1.482853E-01	1.313480E-01	1.158998E-01	9.075088E-02	6.580693E-02	4.286426E-02	2.403932E-02	1.302448E-02	7.379397E-03	

2.134478E-01	2.194633E-01	2.238843E-01	2.108173E-01	1.954043E-01	2.102136E-01	1.871490E-01	1.901130E-01	1.889062E-01	1.809156E-01	1.942846E-01	1.807195E-01	1.596185E-01	1.838653E-01	1.917022E-01	1.882988E-01	1.783205E-01	1.662949E-01	1.724629E-01	1.801132E-01	1.875087E-01	1.908749E-01	1.816700E-01	1.680331E-01	1.733231E-01	1.824730E-01	1.899165E-01	1.919026E-01	1.859889E-01	1.748408E-01	1.583314E-01	1.843743E-01	1.920164E-01	1.884303E-01	1.785176E-01	1.666065E-01	1.741395E-01	1.815033E-01	1.884472E-01	1.910289E-01	1.815506E-01	1.679349E-01	1.743144E-01	1.829722E-01	1.912591E-01	1.816662E-01	1.576644E-01	1.904532E-01	1.766574E-01	1.863640E-01	1.788105E-01	1.594338E-01	1.482223E-01	1.343147E-01	1.189736E-01	1.049813E-01	8.220231E-02	5.960890E-02	3.882802E-02	2.177655E-02	1.179902E-02	6.685141E-03	

1.923333E-01	1.933510E-01	1.920726E-01	1.776631E-01	1.604537E-01	1.685738E-01	1.488641E-01	1.491646E-01	1.457094E-01	1.379684E-01	1.465059E-01	1.356722E-01	1.195618E-01	1.373588E-01	1.430500E-01	1.404217E-01	1.329298E-01	1.239331E-01	1.284862E-01	1.341657E-01	1.396604E-01	1.421509E-01	1.352880E-01	1.251277E-01	1.290322E-01	1.358082E-01	1.413187E-01	1.427767E-01	1.383595E-01	1.300568E-01	1.177689E-01	1.370880E-01	1.427457E-01	1.400673E-01	1.326924E-01	1.238353E-01	1.294170E-01	1.348753E-01	1.400233E-01	1.419271E-01	1.348789E-01	1.247608E-01	1.294896E-01	1.359117E-01	1.420552E-01	1.349263E-01	1.170987E-01	1.414283E-01	1.311796E-01	1.383746E-01	1.327616E-01	1.183727E-01	1.100451E-01	9.971815E-02	8.832836E-02	7.794044E-02	6.102985E-02	4.425722E-02	2.883007E-02	1.617104E-02	8.762956E-03	4.965158E-03	

1.134094E-01	1.080317E-01	1.002836E-01	8.821438E-02	7.332846E-02	7.037412E-02	6.006633E-02	5.706695E-02	5.203650E-02	4.707981E-02	4.777929E-02	4.343080E-02	3.790889E-02	4.292207E-02	4.440242E-02	4.342456E-02	4.101534E-02	3.818121E-02	3.948509E-02	4.116797E-02	4.280529E-02	4.350958E-02	4.138155E-02	3.825842E-02	3.938800E-02	4.139460E-02	4.302414E-02	4.343458E-02	4.206222E-02	3.952305E-02	3.577808E-02	4.155767E-02	4.323113E-02	4.239903E-02	4.015631E-02	3.747077E-02	3.913333E-02	4.076274E-02	4.230083E-02	4.285506E-02	4.071871E-02	3.766138E-02	3.906983E-02	4.099026E-02	4.282074E-02	4.066452E-02	3.529006E-02	4.258548E-02	3.949363E-02	4.163471E-02	3.993606E-02	3.560549E-02	3.309856E-02	2.999226E-02	2.656745E-02	2.344421E-02	1.836008E-02	1.331728E-02	8.678504E-03	4.870975E-03	2.641361E-03	1.496797E-03	

