1.060000E+04
1.119229E+04
1.181767E+04
1.247799E+04
1.317521E+04
1.391139E+04
1.468870E+04
1.550945E+04
1.637605E+04
1.729108E+04
1.825724E+04
1.927738E+04
2.035452E+04
2.149185E+04
2.269273E+04
2.396070E+04
2.529953E+04
2.671317E+04
2.820579E+04
2.978182E+04
3.144591E+04
3.320298E+04
3.505823E+04
3.701714E+04
3.908551E+04
4.126945E+04
4.357543E+04
4.601025E+04
4.858111E+04
5.129563E+04
5.416183E+04
5.718817E+04
6.038362E+04
6.375761E+04
6.732013E+04
7.108171E+04
7.505347E+04
7.924716E+04
8.367517E+04
8.835061E+04
9.328728E+04
9.849980E+04
1.040036E+05
1.098149E+05
1.159509E+05
1.224298E+05
1.292707E+05
1.364938E+05
1.441205E+05
1.521734E+05
1.606762E+05
1.696542E+05
1.791338E+05
1.891430E+05
1.997116E+05
2.108707E+05
2.226533E+05
2.350942E+05
2.482304E+05
2.621005E+05
2.767456E+05
2.922090E+05
3.085365E+05
3.257763E+05
3.439794E+05
3.631996E+05
3.834937E+05
4.049218E+05
4.275472E+05
4.514368E+05
4.766613E+05
5.032952E+05
5.314173E+05
5.611108E+05
5.924634E+05
6.255679E+05
6.605221E+05
6.974295E+05
7.363990E+05
7.775460E+05
8.209922E+05
8.668660E+05
9.153029E+05
9.664464E+05
1.020448E+06
1.077466E+06
1.137671E+06
1.201239E+06
1.268359E+06
1.339230E+06
1.414061E+06
1.493073E+06
1.576500E+06
1.664589E+06
1.757599E+06
1.855807E+06
1.959502E+06
2.068991E+06
2.184598E+06
2.306664E+06
2.435552E+06
2.571640E+06
2.715333E+06
2.867055E+06
3.027255E+06
3.196406E+06
3.375008E+06
3.563590E+06
3.762709E+06
3.972954E+06
4.194947E+06
4.429344E+06
4.676838E+06
4.938161E+06
5.214085E+06
5.505427E+06
5.813049E+06
6.137859E+06
6.480817E+06
6.842940E+06
7.225296E+06
7.629016E+06
8.055295E+06
8.505393E+06
8.980640E+06
9.482442E+06
1.001228E+07
1.057173E+07
1.116243E+07
1.178615E+07
1.244471E+07
1.314007E+07
1.387428E+07
1.464952E+07
1.546808E+07
1.633237E+07
1.724496E+07
1.820854E+07
1.922596E+07
2.030023E+07
2.143453E+07
2.263220E+07
2.389680E+07
2.523206E+07
2.664192E+07
2.813057E+07
2.970239E+07
3.136204E+07
3.311443E+07
3.496473E+07
3.691842E+07
3.898127E+07
4.115939E+07
4.345921E+07
4.588753E+07
4.845154E+07
5.115882E+07
5.401737E+07
5.703565E+07
6.022257E+07
6.358757E+07
6.714058E+07
7.089213E+07
7.485330E+07
7.903580E+07
8.345200E+07
8.811497E+07
9.303848E+07
9.823710E+07
1.037262E+08
1.095220E+08
1.156416E+08
1.221032E+08
1.289259E+08
1.361297E+08
1.437361E+08
1.517675E+08
1.602477E+08
1.692017E+08
1.786560E+08
1.886386E+08
1.991789E+08
2.103083E+08
2.220594E+08
2.344672E+08
2.475683E+08
2.614014E+08
2.760075E+08
2.914297E+08
3.077136E+08
3.249074E+08
3.430620E+08
3.622309E+08
3.824709E+08
4.038418E+08
4.264069E+08
4.502328E+08
4.753900E+08
5.019529E+08
5.300000E+08
