71.254001	15.464580	4.556505	3.454303	4.507191	6.630318	9.148810	11.133362	11.371440	9.121955	5.862028	3.254214	1.691739	0.789576	0.435908	0.925132	1.518222	1.422490	1.540342	1.652009	1.651653	1.437170	1.119184	0.832093	0.541888	0.358286	0.233550	0.153654	0.099938	0.072114	0.054712	0.047103	0.049202	0.050288	0.047487	0.045349	0.044235	0.045897	0.078518	0.186625	
54.053866	11.742705	3.631102	2.893024	3.785904	5.534396	7.586533	9.136674	9.151593	7.186101	4.542026	2.496784	1.292164	0.603422	0.359716	0.814263	1.257815	1.165174	1.265901	1.358621	1.337787	1.152787	0.888049	0.664594	0.438872	0.292674	0.192535	0.128076	0.084417	0.062683	0.048929	0.043307	0.046600	0.048244	0.045950	0.044161	0.043281	0.045098	0.077745	0.178025	
40.324715	8.799989	2.874068	2.398695	3.135826	4.544529	6.179380	7.353071	7.214889	5.547070	3.451673	1.881252	0.970610	0.454673	0.298786	0.706240	1.012657	0.936770	1.023106	1.095521	1.063806	0.909719	0.701504	0.525677	0.353520	0.238310	0.158493	0.106812	0.071546	0.054860	0.044124	0.040059	0.044400	0.046486	0.044622	0.043141	0.042452	0.044403	0.077138	0.155570	
29.425227	6.480466	2.250801	1.957686	2.542374	3.639938	4.899860	5.752199	5.526790	4.164648	2.555290	1.383381	0.713033	0.336374	0.247793	0.596147	0.779101	0.733231	0.805549	0.857784	0.824466	0.702980	0.545653	0.410976	0.283047	0.193434	0.130373	0.089216	0.060940	0.048415	0.040165	0.037373	0.042552	0.044990	0.043493	0.042282	0.041753	0.043816	0.076800	0.125691	
20.991333	4.694210	1.749890	1.578235	2.023045	2.848578	3.786480	4.377867	4.117236	3.043839	1.844647	0.994152	0.513308	0.245245	0.205040	0.489862	0.570673	0.561745	0.619617	0.655985	0.624832	0.534691	0.420587	0.319872	0.226916	0.157664	0.107907	0.074885	0.052496	0.043282	0.037024	0.035232	0.041048	0.043759	0.042564	0.041573	0.041171	0.043322	0.077005	0.099853	
14.598582	3.345172	1.355975	1.262344	1.585734	2.182860	2.854625	3.242770	2.982796	2.165328	1.298544	0.698650	0.362728	0.176967	0.168979	0.391956	0.390834	0.418799	0.463806	0.487856	0.462370	0.400368	0.322266	0.249064	0.183007	0.129647	0.090247	0.063376	0.045894	0.039207	0.034589	0.033574	0.039849	0.042771	0.041819	0.041021	0.040709	0.042945	0.076833	0.081183	
9.835290	2.341249	1.048000	0.999943	1.218328	1.624947	2.079764	2.315336	2.082849	1.487572	0.885653	0.477878	0.250983	0.126546	0.136856	0.301662	0.270484	0.301958	0.334668	0.351027	0.333666	0.296001	0.246830	0.196384	0.149365	0.108140	0.076651	0.054558	0.040856	0.036067	0.032765	0.032339	0.038939	0.042004	0.041246	0.040604	0.040362	0.042658	0.073279	0.067102	
6.365812	1.609300	0.810914	0.785846	0.915795	1.167522	1.450805	1.577786	1.388910	0.979125	0.581856	0.317222	0.170149	0.090064	0.107316	0.220570	0.186860	0.207771	0.230546	0.242094	0.234427	0.217162	0.190399	0.158181	0.124162	0.091979	0.066398	0.047945	0.037114	0.033785	0.031467	0.031475	0.038275	0.041441	0.040837	0.040307	0.040116	0.042466	0.066952	0.057186	
3.978929	1.104191	0.638639	0.622596	0.684095	0.819681	0.978007	1.034504	0.891835	0.623491	0.372824	0.207657	0.115239	0.065080	0.081959	0.154408	0.125482	0.138977	0.154225	0.163405	0.164644	0.162517	0.151574	0.131779	0.106607	0.080632	0.059144	0.043304	0.034540	0.032284	0.030657	0.030960	0.037854	0.041087	0.040593	0.040149	0.039995	0.042384	0.057007	0.050000	
2.412122	0.771155	0.519240	0.505080	0.518012	0.573081	0.646971	0.661282	0.558636	0.389897	0.237381	0.137128	0.079943	0.048726	0.061601	0.104733	0.081410	0.090245	0.100435	0.108802	0.117703	0.126486	0.126017	0.114206	0.094724	0.072844	0.054125	0.040131	0.032848	0.031384	0.030226	0.030719	0.037636	0.040906	0.040488	0.040103	0.039968	0.042395	0.049961	0.045754	
1.413283	0.556776	0.436735	0.419974	0.398418	0.398393	0.416777	0.408239	0.339306	0.239664	0.151574	0.092723	0.057711	0.037916	0.045008	0.067666	0.051794	0.057450	0.064497	0.073197	0.088022	0.104155	0.110135	0.103079	0.086974	0.067663	0.050746	0.038060	0.031825	0.030959	0.030101	0.030703	0.037602	0.040876	0.040522	0.040158	0.040037	0.042453	0.045299	0.043039	
0.831514	0.429961	0.383815	0.363161	0.320174	0.287293	0.273865	0.255143	0.210125	0.152928	0.102603	0.067424	0.044946	0.031209	0.033131	0.043386	0.033785	0.037647	0.043070	0.052792	0.071750	0.092168	0.101458	0.096699	0.082234	0.064401	0.048580	0.036798	0.031316	0.030900	0.030226	0.030874	0.037720	0.040982	0.040686	0.040323	0.040207	0.042330	0.042805	0.041622	
0.522267	0.360587	0.351340	0.326842	0.272118	0.222362	0.193358	0.171541	0.141548	0.107757	0.077311	0.054276	0.038165	0.027212	0.025531	0.029222	0.024348	0.027468	0.032353	0.043227	0.064742	0.087227	0.097647	0.093466	0.079521	0.062421	0.047237	0.036077	0.031182	0.031116	0.030553	0.031194	0.037960	0.041222	0.040964	0.040581	0.040454	0.042005	0.041637	0.041018	
0.374978	0.325606	0.331826	0.304141	0.244267	0.188044	0.153427	0.131790	0.109958	0.087311	0.065853	0.048157	0.034824	0.024944	0.021349	0.022204	0.020285	0.023454	0.028478	0.040442	0.063407	0.086356	0.096641	0.092075	0.078041	0.061213	0.046403	0.035706	0.031310	0.031534	0.031042	0.031627	0.038298	0.041579	0.041346	0.040932	0.040800	0.041731	0.041358	0.040956	
0.310395	0.308307	0.319229	0.288930	0.227511	0.170315	0.135097	0.114852	0.097143	0.079170	0.061183	0.045455	0.033151	0.023622	0.019296	0.019351	0.019345	0.022960	0.028436	0.041389	0.065011	0.087707	0.097059	0.091648	0.077215	0.060435	0.045868	0.035561	0.031627	0.032110	0.031661	0.032150	0.038736	0.042041	0.041839	0.041385	0.041239	0.041734	0.041536	0.041211	
0.286402	0.299812	0.310320	0.277916	0.216953	0.161633	0.128202	0.109588	0.093611	0.076949	0.059709	0.044343	0.032253	0.022861	0.018606	0.018916	0.020182	0.024442	0.030535	0.044324	0.068255	0.090127	0.098222	0.091673	0.076719	0.059901	0.045520	0.035573	0.032096	0.032823	0.032399	0.032773	0.039261	0.042614	0.042452	0.041930	0.041746	0.042099	0.041983	0.041643	
0.278927	0.295015	0.303132	0.269005	0.209448	0.157191	0.126410	0.109294	0.093855	0.077038	0.059441	0.043820	0.031647	0.022406	0.018675	0.019651	0.021911	0.026885	0.033655	0.048327	0.072145	0.092982	0.099593	0.091869	0.076378	0.059510	0.045295	0.035707	0.032697	0.033660	0.033235	0.033484	0.039873	0.043304	0.043169	0.042560	0.042359	0.042665	0.042605	0.042237	
0.276832	0.291536	0.296704	0.261134	0.203388	0.154548	0.126572	0.110737	0.095298	0.077791	0.059485	0.043441	0.031121	0.022122	0.019161	0.021053	0.024216	0.029928	0.037305	0.052674	0.076459	0.096159	0.101107	0.092181	0.076150	0.059223	0.045176	0.035965	0.033437	0.034655	0.034184	0.034299	0.040611	0.044122	0.044045	0.043389	0.043098	0.043445	0.043432	0.043045	
0.276287	0.288548	0.290691	0.253919	0.198187	0.152818	0.127559	0.112779	0.097054	0.078653	0.059549	0.043066	0.030614	0.021970	0.019951	0.022934	0.026930	0.033378	0.041335	0.057339	0.080967	0.099377	0.102652	0.092524	0.075999	0.059028	0.045153	0.036349	0.034327	0.035801	0.035284	0.035238	0.041464	0.045075	0.045069	0.044404	0.044022	0.044391	0.044416	0.044004	
0.276177	0.285803	0.284988	0.247238	0.193658	0.151722	0.129014	0.115064	0.098852	0.079461	0.059554	0.042659	0.030112	0.021956	0.021032	0.025193	0.030023	0.037172	0.045682	0.062285	0.085646	0.102645	0.104204	0.092898	0.075920	0.058914	0.045223	0.036859	0.035371	0.037100	0.036512	0.036272	0.042422	0.046165	0.046235	0.045545	0.045039	0.045469	0.045529	0.045085	
0.276252	0.283238	0.279568	0.241060	0.189747	0.151181	0.130834	0.117488	0.100615	0.080177	0.059483	0.042217	0.029624	0.022106	0.022426	0.027834	0.033485	0.041283	0.050322	0.067483	0.090460	0.105932	0.105741	0.093297	0.075910	0.058883	0.045388	0.037501	0.036580	0.038556	0.037865	0.037401	0.043485	0.047407	0.047545	0.046816	0.046160	0.046676	0.046772	0.046287	
0.276458	0.280832	0.274420	0.235377	0.186430	0.151162	0.132977	0.120005	0.102311	0.080788	0.059336	0.041741	0.029163	0.022455	0.024166	0.030864	0.037305	0.045694	0.055241	0.072913	0.095379	0.109210	0.107253	0.093725	0.075975	0.058933	0.045650	0.038284	0.037962	0.040174	0.039343	0.038619	0.044659	0.048805	0.049003	0.048215	0.047402	0.048016	0.048146	0.047616	
0.276774	0.278571	0.269542	0.230183	0.183691	0.151636	0.135403	0.122579	0.103923	0.081289	0.059117	0.041236	0.028745	0.023042	0.026281	0.034287	0.041472	0.050389	0.060430	0.078559	0.100377	0.112456	0.108732	0.094184	0.076116	0.059064	0.046014	0.039219	0.039527	0.041959	0.040944	0.039925	0.045957	0.050367	0.050617	0.049727	0.048769	0.049495	0.049655	0.049071	
0.277178	0.276439	0.264927	0.225472	0.181515	0.152570	0.138072	0.125176	0.105431	0.081678	0.058830	0.040707	0.028391	0.023906	0.028793	0.038095	0.045969	0.055355	0.065879	0.084402	0.105426	0.115649	0.110176	0.094685	0.076335	0.059272	0.046483	0.040319	0.041288	0.043913	0.042668	0.041323	0.047383	0.052099	0.052396	0.051307	0.050268	0.051114	0.051301	0.050660	
0.277648	0.274425	0.260574	0.221238	0.179886	0.153935	0.140941	0.127757	0.106818	0.081954	0.058477	0.040158	0.028130	0.025089	0.031719	0.042273	0.050776	0.060576	0.071580	0.090423	0.110494	0.118766	0.111585	0.095232	0.076629	0.059556	0.047064	0.041597	0.043254	0.046038	0.044512	0.042813	0.048940	0.054026	0.054338	0.052944	0.051905	0.052880	0.053084	0.052383	
0.278161	0.272515	0.256479	0.217474	0.178786	0.155702	0.143968	0.130289	0.108068	0.082115	0.058063	0.039594	0.027993	0.026629	0.035061	0.046799	0.055871	0.066041	0.077525	0.096599	0.115551	0.121795	0.112963	0.095835	0.076999	0.059912	0.047765	0.043068	0.045434	0.048334	0.046472	0.044391	0.050640	0.056156	0.056444	0.054650	0.053681	0.054792	0.055009	0.054244	
0.278696	0.270698	0.252641	0.214174	0.178190	0.157837	0.147113	0.132740	0.109169	0.082160	0.057590	0.039021	0.028018	0.028560	0.038814	0.051644	0.061233	0.071737	0.083700	0.102897	0.120562	0.124725	0.114320	0.096497	0.077437	0.060340	0.048595	0.044749	0.047838	0.050799	0.048543	0.046054	0.052507	0.058499	0.058716	0.056465	0.055607	0.056858	0.057076	0.056247	
0.279229	0.268960	0.249057	0.211333	0.178074	0.160299	0.150335	0.135083	0.110113	0.082090	0.057061	0.038449	0.028250	0.030905	0.042959	0.056777	0.066839	0.077653	0.090092	0.109290	0.125497	0.127546	0.115665	0.097222	0.077938	0.060834	0.049568	0.046657	0.050471	0.053430	0.050718	0.047806	0.054550	0.061067	0.061133	0.058408	0.057682	0.059073	0.059289	0.058391	
0.279737	0.267291	0.245724	0.208939	0.178411	0.163044	0.153588	0.137290	0.110892	0.081909	0.056480	0.037889	0.028734	0.033678	0.047466	0.062163	0.072666	0.083774	0.096681	0.115741	0.130324	0.130254	0.117009	0.098010	0.078491	0.061397	0.050699	0.048809	0.053336	0.056217	0.052994	0.049648	0.056782	0.063886	0.063626	0.060490	0.059917	0.061440	0.061647	0.060680	
0.280197	0.265680	0.242641	0.206980	0.179178	0.166027	0.156824	0.139335	0.111501	0.081618	0.055852	0.037360	0.029519	0.036880	0.052298	0.067770	0.078695	0.090085	0.103448	0.122204	0.135011	0.132850	0.118361	0.098854	0.079085	0.062030	0.052006	0.051223	0.056432	0.059153	0.055362	0.051576	0.059227	0.066965	0.066050	0.062707	0.062311	0.063956	0.064150	0.063113	
0.280588	0.264115	0.239803	0.205438	0.180345	0.169207	0.160001	0.141193	0.111932	0.081220	0.055178	0.036883	0.030651	0.040496	0.057414	0.073567	0.084903	0.096570	0.110360	0.128643	0.139530	0.135342	0.119727	0.099747	0.079709	0.062738	0.053510	0.053911	0.059757	0.062224	0.057806	0.053591	0.061925	0.070307	0.068435	0.065069	0.064865	0.066619	0.066802	0.065689	
0.280851	0.262521	0.237136	0.204233	0.181833	0.172502	0.163038	0.142801	0.112148	0.080690	0.054443	0.036479	0.032157	0.044481	0.062735	0.079475	0.091203	0.103140	0.117323	0.134947	0.143815	0.137695	0.121079	0.100643	0.080329	0.063512	0.055214	0.056864	0.063272	0.065386	0.060295	0.055677	0.064878	0.073883	0.070787	0.067553	0.067556	0.069399	0.069567	0.068383	
0.280956	0.260872	0.234618	0.203334	0.183595	0.175856	0.165892	0.144140	0.112146	0.080030	0.053649	0.036183	0.034066	0.048785	0.068202	0.085446	0.097551	0.109758	0.124284	0.141061	0.147833	0.139911	0.122412	0.101521	0.080932	0.064361	0.057136	0.060079	0.066953	0.068613	0.062817	0.057839	0.068107	0.077674	0.073187	0.070151	0.070365	0.072285	0.072446	0.071180	
0.280911	0.259208	0.232295	0.202773	0.185625	0.179254	0.168567	0.145240	0.111962	0.079271	0.052819	0.036053	0.036399	0.053370	0.073796	0.091494	0.103977	0.116459	0.131261	0.146992	0.151625	0.142044	0.123754	0.102386	0.081532	0.065319	0.059315	0.063578	0.070806	0.071910	0.065375	0.060098	0.071675	0.081619	0.075684	0.072896	0.073315	0.075293	0.075446	0.074104	
0.280694	0.257511	0.230152	0.202522	0.187881	0.182641	0.171026	0.146087	0.111597	0.078417	0.051960	0.036139	0.039153	0.058179	0.079474	0.097590	0.110453	0.123221	0.138206	0.152691	0.155188	0.144101	0.125088	0.103213	0.082128	0.066409	0.061771	0.067353	0.074799	0.075254	0.067951	0.062463	0.075647	0.085449	0.078273	0.075784	0.076389	0.078414	0.078568	0.077138	
0.280280	0.255758	0.228166	0.202544	0.190320	0.185967	0.173234	0.146669	0.111053	0.077472	0.051081	0.036492	0.042307	0.063149	0.085196	0.103702	0.116944	0.130006	0.145059	0.158119	0.158518	0.146086	0.126398	0.103973	0.082724	0.067653	0.064521	0.071391	0.078900	0.078616	0.070534	0.064962	0.080063	0.088799	0.080948	0.078810	0.079570	0.081637	0.081795	0.080280	
0.279646	0.253929	0.226318	0.202797	0.192899	0.189188	0.175164	0.146978	0.110330	0.076437	0.050192	0.037161	0.045824	0.068224	0.090924	0.109799	0.123419	0.136783	0.151770	0.163236	0.161617	0.148004	0.127655	0.104645	0.083327	0.069077	0.067573	0.075668	0.083069	0.081971	0.073107	0.067624	0.084953	0.091800	0.083705	0.081971	0.082845	0.084948	0.085115	0.083507	
0.278769	0.251998	0.224583	0.203233	0.195563	0.192260	0.176795	0.147013	0.109434	0.075315	0.049311	0.038186	0.049653	0.073346	0.096622	0.115846	0.129844	0.143508	0.158266	0.168011	0.164498	0.149846	0.128826	0.105206	0.083953	0.070706	0.070931	0.080147	0.087259	0.085294	0.075653	0.070482	0.090353	0.094598	0.086536	0.085245	0.086186	0.088335	0.088514	0.086811	
0.277626	0.249941	0.222929	0.203805	0.198252	0.195138	0.178109	0.146773	0.108369	0.074112	0.048465	0.039598	0.053731	0.078463	0.102252	0.121805	0.136179	0.150130	0.164491	0.172424	0.167166	0.151601	0.129875	0.105640	0.084624	0.072564	0.074586	0.084786	0.091422	0.088554	0.078144	0.073592	0.096255	0.097365	0.089438	0.088615	0.089576	0.091772	0.091969	0.090167	
0.276191	0.247731	0.221320	0.204464	0.200902	0.197768	0.179085	0.146259	0.107142	0.072832	0.047687	0.041410	0.057992	0.083529	0.107776	0.127636	0.142385	0.156600	0.170380	0.176450	0.169627	0.153244	0.130759	0.105940	0.085363	0.074668	0.078520	0.089530	0.095503	0.091727	0.080555	0.077050	0.102393	0.100120	0.092406	0.092051	0.092987	0.095244	0.095459	0.093551	
0.274439	0.245336	0.219711	0.205162	0.203455	0.200098	0.179698	0.145465	0.105754	0.071477	0.047019	0.043620	0.062364	0.088496	0.113150	0.133293	0.148416	0.162855	0.175874	0.180089	0.171886	0.154741	0.131438	0.106100	0.086198	0.077029	0.082698	0.094315	0.099445	0.094788	0.082871	0.080976	0.107901	0.102838	0.095426	0.095511	0.096387	0.098714	0.098954	0.096940	
0.272006	0.242419	0.217804	0.205625	0.205635	0.201853	0.179711	0.144208	0.104075	0.069963	0.046448	0.046161	0.066689	0.093110	0.118029	0.138425	0.153945	0.168574	0.180676	0.183106	0.173723	0.155874	0.131721	0.106007	0.087043	0.079526	0.086933	0.098908	0.103033	0.097568	0.084940	0.085411	0.111904	0.105341	0.098346	0.098817	0.099605	0.102017	0.102278	0.100149	
0.269031	0.239102	0.215675	0.205894	0.207483	0.203098	0.179217	0.142581	0.102177	0.068343	0.046059	0.049015	0.070916	0.097392	0.122490	0.143121	0.159051	0.173802	0.184848	0.185609	0.175227	0.156677	0.131647	0.105733	0.087967	0.082192	0.091215	0.103292	0.106280	0.100108	0.086769	0.090596	0.114693	0.107671	0.101201	0.101974	0.102660	0.105165	0.105457	0.103210	
0.265550	0.235405	0.213320	0.205930	0.208968	0.203835	0.178246	0.140619	0.100091	0.066645	0.045916	0.052133	0.074988	0.101331	0.126533	0.147380	0.163719	0.178497	0.188393	0.187636	0.176409	0.157131	0.131220	0.105323	0.089000	0.085009	0.095483	0.107401	0.109155	0.102401	0.088359	0.096802	0.116809	0.109819	0.103967	0.104953	0.105537	0.108145	0.108464	0.106092	
0.261466	0.231227	0.210630	0.205598	0.209961	0.203966	0.176740	0.138290	0.097796	0.064870	0.046056	0.055438	0.078814	0.104831	0.130048	0.151073	0.167826	0.182538	0.191217	0.189138	0.177184	0.157133	0.130385	0.104771	0.090114	0.087901	0.099614	0.111101	0.111566	0.104386	0.089680	0.104173	0.118587	0.111734	0.106566	0.107669	0.108154	0.110874	0.111224	0.108722	
0.256617	0.226408	0.207441	0.204707	0.210265	0.203338	0.174599	0.135529	0.095249	0.063010	0.046500	0.058835	0.082288	0.107758	0.132865	0.154034	0.171203	0.185741	0.193214	0.190004	0.177417	0.156553	0.129076	0.104051	0.091244	0.090744	0.103434	0.114238	0.113418	0.105981	0.090702	0.112178	0.119959	0.113334	0.108866	0.109995	0.110399	0.113234	0.113618	0.110986	
0.249913	0.220127	0.203340	0.202975	0.209411	0.201336	0.171230	0.131851	0.092099	0.060860	0.047119	0.062013	0.084627	0.108798	0.133757	0.155402	0.173256	0.187600	0.193926	0.189809	0.176649	0.154966	0.126969	0.102861	0.091965	0.092982	0.106354	0.116286	0.114295	0.106792	0.091201	0.118220	0.120451	0.114192	0.110405	0.111482	0.111822	0.114782	0.115196	0.112425	
0.240696	0.211534	0.196752	0.198414	0.205668	0.196781	0.165929	0.126849	0.088123	0.058337	0.047859	0.064956	0.086274	0.108493	0.132520	0.154073	0.172298	0.186342	0.191717	0.187001	0.173481	0.151256	0.123313	0.100712	0.091893	0.094147	0.107710	0.116469	0.113474	0.106110	0.090848	0.120029	0.119328	0.113634	0.110438	0.111400	0.111694	0.114780	0.115233	0.112321	
0.226450	0.197327	0.182548	0.185153	0.194141	0.185839	0.155785	0.118424	0.081931	0.054596	0.048145	0.066982	0.085868	0.104373	0.125204	0.144715	0.162456	0.176446	0.181519	0.176812	0.163667	0.142031	0.115573	0.095638	0.089029	0.091737	0.104459	0.111650	0.108075	0.101211	0.087814	0.114837	0.113639	0.108823	0.106077	0.106878	0.107136	0.110344	0.110848	0.107764	
0.203787	0.175577	0.161792	0.165337	0.175315	0.168045	0.140277	0.106186	0.073253	0.049547	0.047874	0.068030	0.083116	0.095268	0.110847	0.127845	0.145019	0.158868	0.163785	0.159544	0.147436	0.127464	0.103981	0.087634	0.083028	0.085319	0.096446	0.101985	0.098368	0.092246	0.082673	0.104211	0.103499	0.099791	0.097287	0.097914	0.098159	0.101507	0.102054	0.098802	
0.166238	0.141338	0.128724	0.131880	0.141654	0.136975	0.114710	0.086921	0.060040	0.041993	0.046284	0.067874	0.078412	0.081603	0.088859	0.100849	0.115119	0.127500	0.131938	0.128691	0.118911	0.102820	0.085113	0.074233	0.071872	0.072659	0.080882	0.084349	0.081269	0.076296	0.072698	0.085637	0.085839	0.083407	0.080879	0.081349	0.081598	0.085124	0.085670	0.082263	
0.116340	0.097802	0.084875	0.085065	0.093533	0.093342	0.079900	0.061351	0.042862	0.032393	0.043623	0.067142	0.074745	0.070513	0.067595	0.070370	0.077179	0.085361	0.088127	0.085800	0.079399	0.069398	0.060197	0.056813	0.057491	0.056083	0.060076	0.060868	0.058615	0.055111	0.057310	0.061382	0.062752	0.061438	0.058650	0.059011	0.059277	0.063013	0.063535	0.059955	
0.068824	0.058280	0.048835	0.047558	0.052732	0.054448	0.048074	0.037684	0.026931	0.024003	0.041764	0.066800	0.072404	0.063835	0.054557	0.050271	0.049400	0.051978	0.052050	0.049900	0.045990	0.041172	0.039561	0.042712	0.046137	0.042944	0.043393	0.041966	0.040422	0.038025	0.042827	0.041890	0.044260	0.043637	0.040487	0.040809	0.041098	0.045100	0.045580	0.041812	
0.032027	0.027792	0.022756	0.021398	0.023555	0.025379	0.023439	0.018943	0.014283	0.018138	0.041429	0.067204	0.070986	0.059703	0.046678	0.037613	0.030662	0.028566	0.026417	0.024250	0.022010	0.021110	0.025349	0.033280	0.038492	0.033653	0.031418	0.028526	0.027642	0.025946	0.030957	0.028228	0.031339	0.031092	0.027577	0.027899	0.028216	0.032502	0.032963	0.028973	
0.011746	0.010330	0.008427	0.007808	0.008508	0.009509	0.009142	0.007614	0.006745	0.016032	0.043327	0.068765	0.070525	0.057311	0.042376	0.030996	0.020914	0.016395	0.013152	0.010923	0.009500	0.011003	0.018857	0.029383	0.035138	0.028892	0.025101	0.021630	0.021312	0.019708	0.024474	0.021318	0.024916	0.024885	0.021048	0.021382	0.021725	0.026278	0.026766	0.022520	
0.002497	0.002314	0.001769	0.001493	0.001605	0.002025	0.002148	0.001969	0.003496	0.017329	0.047215	0.071244	0.070659	0.055785	0.039732	0.027304	0.015970	0.010613	0.007057	0.004862	0.003972	0.007237	0.017461	0.029093	0.034396	0.026779	0.022113	0.018651	0.018846	0.016858	0.021969	0.018470	0.022404	0.022527	0.018404	0.018755	0.019125	0.023924	0.024452	0.019953	
0.000627	0.000706	0.000552	0.000412	0.000382	0.000546	0.000659	0.000828	0.003932	0.021694	0.052847	0.074562	0.071520	0.055394	0.038971	0.026424	0.014942	0.009468	0.005888	0.003729	0.003261	0.008009	0.019797	0.031493	0.035746	0.026886	0.021843	0.018731	0.019349	0.016724	0.022640	0.018675	0.022912	0.023172	0.018752	0.019126	0.019524	0.024585	0.025167	0.020390	
0.000535	0.000562	0.000455	0.000349	0.000329	0.000475	0.000592	0.001021	0.005954	0.027710	0.059257	0.078182	0.072695	0.055465	0.038773	0.026235	0.014765	0.009280	0.005717	0.003624	0.003753	0.010132	0.023177	0.034464	0.037450	0.027415	0.022193	0.019563	0.020538	0.018033	0.024019	0.019564	0.024159	0.024538	0.019793	0.020193	0.020630	0.025969	0.026616	0.021538	
0.000658	0.000703	0.000609	0.000449	0.000406	0.000563	0.000736	0.001649	0.009081	0.034996	0.066158	0.081949	0.073932	0.055540	0.038536	0.025982	0.014444	0.009002	0.005526	0.003592	0.004585	0.012668	0.026551	0.037027	0.038670	0.027651	0.022446	0.020362	0.021608	0.020698	0.025240	0.020357	0.025334	0.025807	0.020752	0.021181	0.021652	0.027226	0.027941	0.022590	
0.000744	0.000876	0.000764	0.000548	0.000489	0.000662	0.000970	0.002779	0.013548	0.043638	0.073569	0.085899	0.075287	0.055705	0.038372	0.025767	0.013975	0.008589	0.005251	0.003577	0.005747	0.015556	0.029868	0.039184	0.039407	0.027559	0.022524	0.020974	0.022407	0.023774	0.026256	0.020994	0.026373	0.026920	0.021564	0.022019	0.022534	0.028307	0.029101	0.023485	
0.000857	0.001071	0.000984	0.000708	0.000629	0.000821	0.001439	0.004803	0.019838	0.053864	0.081610	0.090160	0.076883	0.056055	0.038291	0.025448	0.012919	0.007770	0.004755	0.003539	0.007125	0.018196	0.032023	0.039628	0.038444	0.026321	0.021687	0.020553	0.022037	0.025125	0.026306	0.020835	0.026469	0.027052	0.021563	0.022036	0.022580	0.028334	0.029199	0.023512	
0.001152	0.001563	0.001533	0.001086	0.000888	0.001125	0.002427	0.008353	0.028591	0.065986	0.090456	0.094879	0.078770	0.056301	0.037343	0.023669	0.009902	0.005856	0.003689	0.003210	0.007753	0.018242	0.029485	0.034425	0.032198	0.021545	0.017714	0.016687	0.017951	0.023166	0.023008	0.017902	0.023061	0.023613	0.018707	0.019133	0.019641	0.024616	0.025444	0.020423	
0.001962	0.002760	0.001513	0.000548	0.000533	0.001535	0.004402	0.014297	0.040437	0.079793	0.098279	0.094563	0.070677	0.042693	0.023310	0.012445	0.002907	0.001857	0.001303	0.001355	0.003541	0.007674	0.011330	0.012299	0.010949	0.007055	0.005465	0.004529	0.004782	0.010793	0.009295	0.006712	0.008851	0.009146	0.007211	0.007382	0.007584	0.009497	0.009835	0.007880	
