4.705527E-02	4.605936E-02	4.413040E-02	4.244837E-02	3.897834E-02	3.633756E-02	3.423949E-02	3.254237E-02	2.988968E-02	2.795786E-02	2.642362E-02	2.519127E-02	2.416020E-02	2.330866E-02	2.256342E-02	2.191123E-02	2.134144E-02	2.083780E-02	2.040720E-02	2.000430E-02	1.963880E-02	1.900931E-02	1.848040E-02	1.803426E-02	1.767006E-02	1.732526E-02	1.702517E-02	1.675715E-02	1.640761E-02	1.610714E-02	1.576340E-02	1.542696E-02	1.512967E-02	1.488001E-02	1.466517E-02	1.447705E-02	1.433221E-02	1.418560E-02	1.405458E-02	1.382757E-02	1.363745E-02	1.347755E-02	1.336006E-02	1.323739E-02	1.303091E-02	1.286451E-02	1.266149E-02	1.243244E-02	1.224559E-02	1.200304E-02	1.182100E-02	1.169185E-02	1.157891E-02	1.148401E-02	1.139798E-02	1.132275E-02	1.117691E-02	1.097472E-02	1.066224E-02	1.008853E-02	9.156285E-03	7.650353E-03	

4.597346E-02	4.496624E-02	4.303667E-02	4.136660E-02	3.794402E-02	3.535228E-02	3.329905E-02	3.164122E-02	2.905522E-02	2.717590E-02	2.568561E-02	2.449018E-02	2.349116E-02	2.266716E-02	2.194635E-02	2.131598E-02	2.076568E-02	2.027968E-02	1.986474E-02	1.947627E-02	1.912411E-02	1.851797E-02	1.800907E-02	1.758018E-02	1.723077E-02	1.689960E-02	1.661158E-02	1.635441E-02	1.601921E-02	1.573119E-02	1.540180E-02	1.508010E-02	1.479545E-02	1.455647E-02	1.435084E-02	1.417084E-02	1.403273E-02	1.389241E-02	1.376703E-02	1.354969E-02	1.336761E-02	1.321448E-02	1.310247E-02	1.298485E-02	1.278678E-02	1.262707E-02	1.243195E-02	1.221204E-02	1.203199E-02	1.179822E-02	1.162215E-02	1.149711E-02	1.138746E-02	1.129519E-02	1.121140E-02	1.113806E-02	1.099557E-02	1.079760E-02	1.049107E-02	9.927391E-03	9.010585E-03	7.528917E-03	

4.508876E-02	4.405730E-02	4.210740E-02	4.043522E-02	3.703668E-02	3.447922E-02	3.246049E-02	3.083411E-02	2.830361E-02	2.646917E-02	2.501711E-02	2.385414E-02	2.288359E-02	2.208418E-02	2.138529E-02	2.077455E-02	2.024186E-02	1.977185E-02	1.937115E-02	1.899579E-02	1.865579E-02	1.807098E-02	1.758038E-02	1.716729E-02	1.683147E-02	1.651282E-02	1.623587E-02	1.598870E-02	1.566668E-02	1.539014E-02	1.507395E-02	1.476582E-02	1.449281E-02	1.426365E-02	1.406651E-02	1.389396E-02	1.376204E-02	1.362751E-02	1.350731E-02	1.329886E-02	1.312414E-02	1.297724E-02	1.287025E-02	1.275727E-02	1.256690E-02	1.241332E-02	1.222544E-02	1.201390E-02	1.184007E-02	1.161435E-02	1.144373E-02	1.132247E-02	1.121582E-02	1.112595E-02	1.104420E-02	1.097259E-02	1.083314E-02	1.063900E-02	1.033784E-02	9.783164E-03	8.880197E-03	7.420249E-03	

4.419321E-02	4.314634E-02	4.118791E-02	3.952091E-02	3.615572E-02	3.363652E-02	3.165411E-02	3.006010E-02	2.758563E-02	2.579598E-02	2.438179E-02	2.325088E-02	2.230833E-02	2.153311E-02	2.085572E-02	2.026424E-02	1.974877E-02	1.929441E-02	1.890764E-02	1.854510E-02	1.821697E-02	1.765297E-02	1.718019E-02	1.678250E-02	1.645991E-02	1.615343E-02	1.588725E-02	1.564976E-02	1.534053E-02	1.507510E-02	1.477168E-02	1.447668E-02	1.421489E-02	1.399520E-02	1.380621E-02	1.364084E-02	1.351487E-02	1.338589E-02	1.327066E-02	1.307071E-02	1.290304E-02	1.276207E-02	1.265991E-02	1.255133E-02	1.236830E-02	1.222054E-02	1.203954E-02	1.183596E-02	1.166801E-02	1.144992E-02	1.128446E-02	1.116675E-02	1.106293E-02	1.097530E-02	1.089546E-02	1.082546E-02	1.068883E-02	1.049820E-02	1.020190E-02	9.655333E-03	8.764712E-03	7.324055E-03	

4.328493E-02	4.223078E-02	4.027485E-02	3.861998E-02	3.529731E-02	3.282046E-02	3.087643E-02	2.931593E-02	2.689834E-02	2.515370E-02	2.377726E-02	2.267818E-02	2.176335E-02	2.101205E-02	2.035587E-02	1.978334E-02	1.928483E-02	1.884584E-02	1.847278E-02	1.812282E-02	1.780633E-02	1.726271E-02	1.680739E-02	1.642474E-02	1.611512E-02	1.582050E-02	1.556481E-02	1.533675E-02	1.503995E-02	1.478532E-02	1.449428E-02	1.421203E-02	1.396108E-02	1.375053E-02	1.356939E-02	1.341093E-02	1.329072E-02	1.316706E-02	1.305661E-02	1.286479E-02	1.270387E-02	1.256858E-02	1.247103E-02	1.236667E-02	1.219062E-02	1.204840E-02	1.187392E-02	1.167792E-02	1.151555E-02	1.130470E-02	1.114410E-02	1.102977E-02	1.092861E-02	1.084310E-02	1.076506E-02	1.069657E-02	1.056255E-02	1.037516E-02	1.008329E-02	9.543962E-03	8.664238E-03	7.240466E-03	

4.238354E-02	4.132801E-02	3.938219E-02	3.774398E-02	3.446918E-02	3.203660E-02	3.013163E-02	2.860482E-02	2.624381E-02	2.454372E-02	2.320451E-02	2.213675E-02	2.124918E-02	2.052138E-02	1.988602E-02	1.933207E-02	1.885018E-02	1.842625E-02	1.806662E-02	1.772897E-02	1.742386E-02	1.690018E-02	1.646189E-02	1.609394E-02	1.579698E-02	1.551392E-02	1.526844E-02	1.504955E-02	1.476484E-02	1.452069E-02	1.424165E-02	1.397177E-02	1.373130E-02	1.352958E-02	1.335602E-02	1.320421E-02	1.308956E-02	1.297102E-02	1.286515E-02	1.268115E-02	1.252668E-02	1.239682E-02	1.230372E-02	1.220337E-02	1.203397E-02	1.189703E-02	1.172876E-02	1.154000E-02	1.138292E-02	1.117898E-02	1.102300E-02	1.091188E-02	1.081326E-02	1.072975E-02	1.065339E-02	1.058632E-02	1.045474E-02	1.027030E-02	9.982419E-03	9.449455E-03	8.579141E-03	7.169787E-03	

4.150347E-02	4.045090E-02	3.852060E-02	3.690206E-02	3.367819E-02	3.129051E-02	2.942444E-02	2.793092E-02	2.562546E-02	2.396898E-02	2.266613E-02	2.162896E-02	2.076797E-02	2.006312E-02	1.944806E-02	1.891221E-02	1.844650E-02	1.803724E-02	1.769072E-02	1.736504E-02	1.707100E-02	1.656670E-02	1.614497E-02	1.579128E-02	1.550665E-02	1.523479E-02	1.499920E-02	1.478920E-02	1.451618E-02	1.428217E-02	1.401472E-02	1.375679E-02	1.352642E-02	1.333320E-02	1.316691E-02	1.302148E-02	1.291220E-02	1.279856E-02	1.269708E-02	1.252053E-02	1.237221E-02	1.224751E-02	1.215868E-02	1.206214E-02	1.189905E-02	1.176710E-02	1.160468E-02	1.142276E-02	1.127066E-02	1.107323E-02	1.092160E-02	1.081350E-02	1.071724E-02	1.063558E-02	1.056079E-02	1.049503E-02	1.036568E-02	1.018391E-02	9.899532E-03	9.372029E-03	8.509606E-03	7.112160E-03	

4.066922E-02	3.962075E-02	3.770687E-02	3.610809E-02	3.293400E-02	3.058967E-02	2.876100E-02	2.729949E-02	2.504742E-02	2.343297E-02	2.216519E-02	2.115755E-02	2.032223E-02	1.963960E-02	1.904416E-02	1.852583E-02	1.807577E-02	1.768069E-02	1.734688E-02	1.703279E-02	1.674945E-02	1.626389E-02	1.585815E-02	1.551825E-02	1.524554E-02	1.498448E-02	1.475843E-02	1.455698E-02	1.429522E-02	1.407096E-02	1.381464E-02	1.356820E-02	1.334750E-02	1.316238E-02	1.300305E-02	1.286371E-02	1.275957E-02	1.265060E-02	1.255328E-02	1.238381E-02	1.224133E-02	1.212153E-02	1.203676E-02	1.194382E-02	1.178669E-02	1.165946E-02	1.150257E-02	1.132715E-02	1.117974E-02	1.098849E-02	1.084094E-02	1.073570E-02	1.064165E-02	1.056174E-02	1.048840E-02	1.042385E-02	1.029651E-02	1.011710E-02	9.835738E-03	9.312735E-03	8.456584E-03	7.068378E-03	

3.985925E-02	3.881780E-02	3.692377E-02	3.534643E-02	3.222333E-02	2.992215E-02	2.813034E-02	2.670030E-02	2.450057E-02	2.292738E-02	2.169399E-02	2.071535E-02	1.990525E-02	1.924447E-02	1.866832E-02	1.816718E-02	1.773249E-02	1.735134E-02	1.703002E-02	1.672730E-02	1.645445E-02	1.598726E-02	1.559718E-02	1.527077E-02	1.500974E-02	1.475922E-02	1.454247E-02	1.434937E-02	1.409856E-02	1.388378E-02	1.363825E-02	1.340298E-02	1.319163E-02	1.301436E-02	1.286173E-02	1.272826E-02	1.262909E-02	1.252460E-02	1.243130E-02	1.226862E-02	1.213172E-02	1.201661E-02	1.193576E-02	1.184625E-02	1.169480E-02	1.157205E-02	1.142041E-02	1.125117E-02	1.110820E-02	1.092280E-02	1.077910E-02	1.067654E-02	1.058455E-02	1.050624E-02	1.043423E-02	1.037079E-02	1.024525E-02	1.006791E-02	9.789077E-03	9.269681E-03	8.418328E-03	7.036954E-03	

3.910462E-02	3.806982E-02	3.619462E-02	3.463744E-02	3.156230E-02	2.930174E-02	2.754475E-02	2.614461E-02	2.399476E-02	2.246115E-02	2.126086E-02	2.031021E-02	1.952447E-02	1.888486E-02	1.832739E-02	1.784291E-02	1.742310E-02	1.705546E-02	1.674628E-02	1.645456E-02	1.619188E-02	1.574248E-02	1.536755E-02	1.505420E-02	1.480449E-02	1.456415E-02	1.435637E-02	1.417130E-02	1.393104E-02	1.372537E-02	1.349020E-02	1.326567E-02	1.306325E-02	1.289347E-02	1.274722E-02	1.261933E-02	1.252493E-02	1.242469E-02	1.233518E-02	1.217893E-02	1.204729E-02	1.193660E-02	1.185949E-02	1.177321E-02	1.162708E-02	1.150855E-02	1.136182E-02	1.119843E-02	1.105962E-02	1.087973E-02	1.073963E-02	1.063960E-02	1.054951E-02	1.047269E-02	1.040189E-02	1.033946E-02	1.021552E-02	1.003992E-02	9.763111E-03	9.246305E-03	8.398018E-03	7.020598E-03	

3.855195E-02	3.750825E-02	3.562894E-02	3.407578E-02	3.102285E-02	2.878737E-02	2.705468E-02	2.567679E-02	2.356625E-02	2.206538E-02	2.089322E-02	1.996678E-02	1.920242E-02	1.858160E-02	1.804078E-02	1.757124E-02	1.716481E-02	1.680938E-02	1.651122E-02	1.622948E-02	1.597605E-02	1.554284E-02	1.518173E-02	1.488029E-02	1.464095E-02	1.440990E-02	1.421030E-02	1.403255E-02	1.380191E-02	1.360453E-02	1.337876E-02	1.316400E-02	1.296966E-02	1.280663E-02	1.266612E-02	1.254325E-02	1.245316E-02	1.235671E-02	1.227060E-02	1.212006E-02	1.199309E-02	1.188634E-02	1.181257E-02	1.172914E-02	1.158771E-02	1.147289E-02	1.133048E-02	1.117227E-02	1.103711E-02	1.086211E-02	1.072516E-02	1.062736E-02	1.053893E-02	1.046339E-02	1.039362E-02	1.033204E-02	1.020940E-02	1.003514E-02	9.759715E-03	9.244324E-03	8.397170E-03	7.020547E-03	

3.813693E-02	3.707657E-02	3.518069E-02	3.362234E-02	3.057584E-02	2.835548E-02	2.664019E-02	2.527947E-02	2.320121E-02	2.172855E-02	2.058118E-02	1.967646E-02	1.893150E-02	1.832791E-02	1.780240E-02	1.734662E-02	1.695258E-02	1.660848E-02	1.632062E-02	1.604818E-02	1.580335E-02	1.538526E-02	1.503703E-02	1.474672E-02	1.451710E-02	1.429470E-02	1.410273E-02	1.393180E-02	1.371009E-02	1.352041E-02	1.330334E-02	1.309765E-02	1.291075E-02	1.275391E-02	1.261865E-02	1.250036E-02	1.241423E-02	1.232123E-02	1.223820E-02	1.209282E-02	1.197004E-02	1.186680E-02	1.179608E-02	1.171518E-02	1.157792E-02	1.146638E-02	1.132777E-02	1.117414E-02	1.104215E-02	1.087143E-02	1.073719E-02	1.064130E-02	1.055427E-02	1.047978E-02	1.041085E-02	1.034995E-02	1.022827E-02	1.005491E-02	9.780186E-03	9.264951E-03	8.416875E-03	7.037706E-03	

3.771355E-02	3.664344E-02	3.473999E-02	3.318192E-02	3.014891E-02	2.794705E-02	2.625108E-02	2.490886E-02	2.286453E-02	2.142121E-02	2.029940E-02	1.941701E-02	1.869190E-02	1.810593E-02	1.759602E-02	1.715422E-02	1.677275E-02	1.644013E-02	1.616272E-02	1.589965E-02	1.566352E-02	1.526063E-02	1.492534E-02	1.464618E-02	1.442633E-02	1.421256E-02	1.402818E-02	1.386402E-02	1.365117E-02	1.346911E-02	1.326062E-02	1.306389E-02	1.288427E-02	1.273348E-02	1.260333E-02	1.248950E-02	1.240726E-02	1.231759E-02	1.223753E-02	1.209709E-02	1.197832E-02	1.187844E-02	1.181066E-02	1.173214E-02	1.159880E-02	1.149032E-02	1.135522E-02	1.120584E-02	1.107671E-02	1.090984E-02	1.077794E-02	1.068370E-02	1.059781E-02	1.052416E-02	1.045587E-02	1.039547E-02	1.027442E-02	1.010147E-02	9.826692E-03	9.310223E-03	8.458955E-03	7.073567E-03	

3.732016E-02	3.624303E-02	3.433502E-02	3.277871E-02	2.976031E-02	2.757706E-02	2.590028E-02	2.457650E-02	2.256600E-02	2.115213E-02	2.005599E-02	1.919604E-02	1.849089E-02	1.792270E-02	1.742847E-02	1.700071E-02	1.663183E-02	1.631073E-02	1.604382E-02	1.579013E-02	1.556267E-02	1.517495E-02	1.485252E-02	1.458443E-02	1.437432E-02	1.416906E-02	1.399216E-02	1.383466E-02	1.363049E-02	1.345587E-02	1.325572E-02	1.306775E-02	1.289515E-02	1.275018E-02	1.262493E-02	1.251534E-02	1.243686E-02	1.235035E-02	1.227310E-02	1.213731E-02	1.202229E-02	1.192554E-02	1.186056E-02	1.178423E-02	1.165447E-02	1.154876E-02	1.141681E-02	1.127125E-02	1.114459E-02	1.098101E-02	1.085100E-02	1.075806E-02	1.067300E-02	1.059992E-02	1.053202E-02	1.047191E-02	1.035105E-02	1.017792E-02	9.902197E-03	9.382887E-03	8.525856E-03	7.130136E-03	

3.699583E-02	3.591005E-02	3.399432E-02	3.243704E-02	2.942809E-02	2.726008E-02	2.560024E-02	2.429342E-02	2.231487E-02	2.092959E-02	1.985857E-02	1.902075E-02	1.833536E-02	1.778485E-02	1.730618E-02	1.689235E-02	1.653598E-02	1.622630E-02	1.596986E-02	1.572546E-02	1.550657E-02	1.513386E-02	1.482411E-02	1.456691E-02	1.436643E-02	1.416951E-02	1.399991E-02	1.384890E-02	1.365318E-02	1.348578E-02	1.329367E-02	1.311419E-02	1.294832E-02	1.280890E-02	1.268830E-02	1.258273E-02	1.250786E-02	1.242430E-02	1.234968E-02	1.221822E-02	1.210665E-02	1.201277E-02	1.195042E-02	1.187607E-02	1.174951E-02	1.164625E-02	1.151702E-02	1.137475E-02	1.125008E-02	1.108910E-02	1.096039E-02	1.086828E-02	1.078362E-02	1.071076E-02	1.064291E-02	1.058279E-02	1.046158E-02	1.028753E-02	1.000977E-02	9.485729E-03	8.620003E-03	7.209352E-03	

3.674706E-02	3.565009E-02	3.372231E-02	3.216066E-02	2.915524E-02	2.699892E-02	2.535378E-02	2.406255E-02	2.211439E-02	2.075716E-02	1.971099E-02	1.889523E-02	1.822960E-02	1.769685E-02	1.723379E-02	1.683390E-02	1.649002E-02	1.619178E-02	1.594585E-02	1.571072E-02	1.550038E-02	1.514259E-02	1.484540E-02	1.459897E-02	1.440806E-02	1.421931E-02	1.405685E-02	1.391217E-02	1.372465E-02	1.356424E-02	1.337986E-02	1.320858E-02	1.304908E-02	1.291489E-02	1.279864E-02	1.269683E-02	1.262537E-02	1.254453E-02	1.247233E-02	1.234479E-02	1.223631E-02	1.214500E-02	1.208504E-02	1.201241E-02	1.188857E-02	1.178736E-02	1.166032E-02	1.152067E-02	1.139739E-02	1.123813E-02	1.110999E-02	1.101816E-02	1.093342E-02	1.086034E-02	1.079217E-02	1.073171E-02	1.060951E-02	1.043370E-02	1.015267E-02	9.621793E-03	8.744116E-03	7.313454E-03	

3.658772E-02	3.547557E-02	3.352927E-02	3.195842E-02	2.894852E-02	2.679939E-02	2.516623E-02	2.388900E-02	2.196952E-02	2.063984E-02	1.961837E-02	1.882472E-02	1.817894E-02	1.766415E-02	1.721682E-02	1.683095E-02	1.649964E-02	1.621289E-02	1.597756E-02	1.575169E-02	1.554989E-02	1.520697E-02	1.492223E-02	1.468645E-02	1.450503E-02	1.432427E-02	1.416878E-02	1.403023E-02	1.385064E-02	1.369693E-02	1.351989E-02	1.335644E-02	1.320291E-02	1.307357E-02	1.296132E-02	1.286293E-02	1.279462E-02	1.271620E-02	1.264616E-02	1.252204E-02	1.241621E-02	1.232708E-02	1.226923E-02	1.219797E-02	1.207626E-02	1.197658E-02	1.185107E-02	1.171321E-02	1.159058E-02	1.143198E-02	1.130359E-02	1.121139E-02	1.112601E-02	1.105224E-02	1.098332E-02	1.092214E-02	1.079826E-02	1.061979E-02	1.033417E-02	9.794193E-03	8.901061E-03	7.444886E-03	

3.650945E-02	3.537834E-02	3.340754E-02	3.182320E-02	2.880200E-02	2.665651E-02	2.503337E-02	2.376916E-02	2.187756E-02	2.057555E-02	1.957900E-02	1.880776E-02	1.818212E-02	1.768561E-02	1.725420E-02	1.688250E-02	1.656386E-02	1.628869E-02	1.606406E-02	1.584748E-02	1.565423E-02	1.532615E-02	1.505377E-02	1.482853E-02	1.465657E-02	1.448362E-02	1.433494E-02	1.420236E-02	1.403044E-02	1.388319E-02	1.371315E-02	1.355725E-02	1.340931E-02	1.328450E-02	1.317593E-02	1.308069E-02	1.301538E-02	1.293916E-02	1.287105E-02	1.274997E-02	1.264645E-02	1.255923E-02	1.250331E-02	1.243320E-02	1.231324E-02	1.221478E-02	1.209039E-02	1.195394E-02	1.183159E-02	1.167321E-02	1.154420E-02	1.145140E-02	1.136515E-02	1.129050E-02	1.122065E-02	1.115860E-02	1.103267E-02	1.085095E-02	1.055974E-02	1.000857E-02	9.096338E-03	7.608523E-03	

3.646111E-02	3.531096E-02	3.331538E-02	3.171741E-02	2.868494E-02	2.654369E-02	2.493136E-02	2.368108E-02	2.181892E-02	2.054597E-02	1.957536E-02	1.882731E-02	1.822240E-02	1.774467E-02	1.732954E-02	1.697223E-02	1.666642E-02	1.640294E-02	1.618913E-02	1.598187E-02	1.579717E-02	1.548389E-02	1.522377E-02	1.500894E-02	1.484635E-02	1.468105E-02	1.453901E-02	1.441221E-02	1.424772E-02	1.410668E-02	1.394333E-02	1.379468E-02	1.365201E-02	1.353144E-02	1.342630E-02	1.333397E-02	1.327154E-02	1.319731E-02	1.313098E-02	1.301265E-02	1.291120E-02	1.282569E-02	1.277163E-02	1.270253E-02	1.258412E-02	1.248673E-02	1.236333E-02	1.222822E-02	1.210609E-02	1.194797E-02	1.181834E-02	1.172498E-02	1.163786E-02	1.156232E-02	1.149149E-02	1.142852E-02	1.130039E-02	1.111512E-02	1.081768E-02	1.025390E-02	9.319960E-03	7.796025E-03	

3.643798E-02	3.526908E-02	3.324901E-02	3.163771E-02	2.859484E-02	2.645906E-02	2.485878E-02	2.362367E-02	2.179296E-02	2.055076E-02	1.960729E-02	1.888334E-02	1.829982E-02	1.784141E-02	1.744290E-02	1.710024E-02	1.680740E-02	1.655572E-02	1.635282E-02	1.615488E-02	1.597871E-02	1.568015E-02	1.543214E-02	1.522754E-02	1.507419E-02	1.491631E-02	1.478070E-02	1.465947E-02	1.450211E-02	1.436698E-02	1.420995E-02	1.406820E-02	1.393045E-02	1.381379E-02	1.371179E-02	1.362213E-02	1.356241E-02	1.348998E-02	1.342524E-02	1.330935E-02	1.320971E-02	1.312571E-02	1.307337E-02	1.300511E-02	1.288797E-02	1.279144E-02	1.266874E-02	1.253471E-02	1.241252E-02	1.225434E-02	1.212382E-02	1.202973E-02	1.194158E-02	1.186500E-02	1.179307E-02	1.172908E-02	1.159852E-02	1.140934E-02	1.110504E-02	1.052733E-02	9.569338E-03	8.005270E-03	

3.644342E-02	3.525592E-02	3.321143E-02	3.158701E-02	2.853454E-02	2.640549E-02	2.481857E-02	2.359998E-02	2.180286E-02	2.059318E-02	1.967811E-02	1.897922E-02	1.841778E-02	1.797924E-02	1.759773E-02	1.726994E-02	1.699026E-02	1.675046E-02	1.655857E-02	1.636996E-02	1.620229E-02	1.591833E-02	1.568226E-02	1.548769E-02	1.534344E-02	1.519275E-02	1.506333E-02	1.494745E-02	1.479690E-02	1.466739E-02	1.451629E-02	1.438110E-02	1.424788E-02	1.413483E-02	1.403568E-02	1.394843E-02	1.389129E-02	1.382046E-02	1.375715E-02	1.364339E-02	1.354531E-02	1.346263E-02	1.341191E-02	1.334434E-02	1.322822E-02	1.313235E-02	1.301013E-02	1.287695E-02	1.275447E-02	1.259597E-02	1.246433E-02	1.236936E-02	1.228001E-02	1.220228E-02	1.212911E-02	1.206399E-02	1.193074E-02	1.173723E-02	1.142534E-02	1.083219E-02	9.847487E-03	8.238754E-03	

3.647773E-02	3.527174E-02	3.320296E-02	3.156574E-02	2.850481E-02	2.638408E-02	2.481211E-02	2.361159E-02	2.185052E-02	2.067537E-02	1.979010E-02	1.911730E-02	1.857870E-02	1.816063E-02	1.779652E-02	1.748387E-02	1.721749E-02	1.698969E-02	1.680889E-02	1.662960E-02	1.647041E-02	1.620093E-02	1.597661E-02	1.579185E-02	1.565658E-02	1.551281E-02	1.538936E-02	1.527858E-02	1.513451E-02	1.501030E-02	1.486473E-02	1.473575E-02	1.460671E-02	1.449694E-02	1.440036E-02	1.431528E-02	1.426058E-02	1.419115E-02	1.412909E-02	1.401718E-02	1.392043E-02	1.383887E-02	1.378968E-02	1.372265E-02	1.360733E-02	1.351194E-02	1.338998E-02	1.325748E-02	1.313453E-02	1.297553E-02	1.284259E-02	1.274664E-02	1.265599E-02	1.257700E-02	1.250250E-02	1.243615E-02	1.229996E-02	1.210173E-02	1.178152E-02	1.117133E-02	1.015705E-02	8.498736E-03	

3.654520E-02	3.532040E-02	3.322686E-02	3.157685E-02	2.850830E-02	2.639747E-02	2.484208E-02	2.366123E-02	2.193876E-02	2.080018E-02	1.994613E-02	1.930046E-02	1.878542E-02	1.838840E-02	1.804205E-02	1.774475E-02	1.749181E-02	1.727606E-02	1.710642E-02	1.693642E-02	1.678564E-02	1.653045E-02	1.631765E-02	1.614244E-02	1.601596E-02	1.587883E-02	1.576108E-02	1.565514E-02	1.551718E-02	1.539795E-02	1.525749E-02	1.513436E-02	1.500909E-02	1.490229E-02	1.480799E-02	1.472483E-02	1.467243E-02	1.460422E-02	1.454323E-02	1.443289E-02	1.433724E-02	1.425662E-02	1.420888E-02	1.414226E-02	1.402749E-02	1.393241E-02	1.381048E-02	1.367848E-02	1.355486E-02	1.339517E-02	1.326077E-02	1.316373E-02	1.307166E-02	1.299130E-02	1.291536E-02	1.284768E-02	1.270832E-02	1.250495E-02	1.217563E-02	1.154672E-02	1.049983E-02	8.786727E-03	

3.664283E-02	3.539924E-02	3.328105E-02	3.161875E-02	2.854432E-02	2.644558E-02	2.490884E-02	2.374963E-02	2.206874E-02	2.096904E-02	2.014779E-02	1.953040E-02	1.903973E-02	1.866438E-02	1.833618E-02	1.805448E-02	1.781510E-02	1.761148E-02	1.745308E-02	1.729233E-02	1.714989E-02	1.690881E-02	1.670729E-02	1.654136E-02	1.642350E-02	1.629272E-02	1.618040E-02	1.607904E-02	1.594683E-02	1.583224E-02	1.569649E-02	1.557886E-02	1.545700E-02	1.535286E-02	1.526056E-02	1.517910E-02	1.512885E-02	1.506168E-02	1.500162E-02	1.489258E-02	1.479780E-02	1.471795E-02	1.467159E-02	1.460522E-02	1.449076E-02	1.439576E-02	1.427359E-02	1.414183E-02	1.401726E-02	1.385658E-02	1.372048E-02	1.362222E-02	1.352860E-02	1.344676E-02	1.336927E-02	1.330017E-02	1.315738E-02	1.294845E-02	1.260925E-02	1.195992E-02	1.087731E-02	9.104041E-03	

3.677211E-02	3.550961E-02	3.336675E-02	3.169269E-02	2.861431E-02	2.653013E-02	2.501432E-02	2.387886E-02	2.224273E-02	2.118434E-02	2.039751E-02	1.980953E-02	1.934402E-02	1.899092E-02	1.868123E-02	1.841532E-02	1.818962E-02	1.799814E-02	1.785101E-02	1.769943E-02	1.756524E-02	1.733802E-02	1.714747E-02	1.699052E-02	1.688108E-02	1.675630E-02	1.664913E-02	1.655206E-02	1.642522E-02	1.631491E-02	1.618343E-02	1.607095E-02	1.595213E-02	1.585035E-02	1.575980E-02	1.567982E-02	1.563159E-02	1.556530E-02	1.550603E-02	1.539804E-02	1.530394E-02	1.522469E-02	1.517966E-02	1.511339E-02	1.499900E-02	1.490388E-02	1.478118E-02	1.464940E-02	1.452361E-02	1.436164E-02	1.422360E-02	1.412400E-02	1.402869E-02	1.394527E-02	1.386611E-02	1.379548E-02	1.364902E-02	1.343410E-02	1.308423E-02	1.241269E-02	1.129112E-02	9.452042E-03	

3.693346E-02	3.565196E-02	3.348458E-02	3.179945E-02	2.871952E-02	2.665272E-02	2.516039E-02	2.405098E-02	2.246301E-02	2.144843E-02	2.069767E-02	2.014025E-02	1.970063E-02	1.937034E-02	1.907947E-02	1.882949E-02	1.861751E-02	1.843816E-02	1.830229E-02	1.815976E-02	1.803366E-02	1.781998E-02	1.764004E-02	1.749167E-02	1.739043E-02	1.727128E-02	1.716892E-02	1.707582E-02	1.695393E-02	1.684753E-02	1.671987E-02	1.661218E-02	1.649602E-02	1.639630E-02	1.630725E-02	1.622854E-02	1.618223E-02	1.611666E-02	1.605804E-02	1.595090E-02	1.585729E-02	1.577852E-02	1.573480E-02	1.566852E-02	1.555400E-02	1.545858E-02	1.533514E-02	1.520315E-02	1.507591E-02	1.491245E-02	1.477229E-02	1.467125E-02	1.457414E-02	1.448904E-02	1.440812E-02	1.433588E-02	1.418551E-02	1.396418E-02	1.360280E-02	1.290721E-02	1.174327E-02	9.832457E-03	

3.712297E-02	3.582290E-02	3.363192E-02	3.193708E-02	2.885914E-02	2.681330E-02	2.534753E-02	2.426683E-02	2.273087E-02	2.176286E-02	2.104993E-02	2.052425E-02	2.011130E-02	1.980436E-02	1.953262E-02	1.929869E-02	1.910045E-02	1.893318E-02	1.880856E-02	1.867493E-02	1.855675E-02	1.835625E-02	1.818651E-02	1.804634E-02	1.795305E-02	1.783915E-02	1.774128E-02	1.765182E-02	1.753448E-02	1.743163E-02	1.730737E-02	1.720416E-02	1.709032E-02	1.699241E-02	1.690464E-02	1.682704E-02	1.678259E-02	1.671764E-02	1.665959E-02	1.655314E-02	1.645993E-02	1.638156E-02	1.633920E-02	1.627286E-02	1.615814E-02	1.606236E-02	1.593810E-02	1.580594E-02	1.567718E-02	1.551226E-02	1.536993E-02	1.526747E-02	1.516852E-02	1.508168E-02	1.499893E-02	1.492501E-02	1.477050E-02	1.454230E-02	1.416852E-02	1.344685E-02	1.223680E-02	1.024780E-02	

3.734309E-02	3.602470E-02	3.381088E-02	3.210770E-02	2.903546E-02	2.701436E-02	2.557835E-02	2.452910E-02	2.304903E-02	2.213029E-02	2.145688E-02	2.096404E-02	2.057843E-02	2.029530E-02	2.004289E-02	1.982505E-02	1.964049E-02	1.948517E-02	1.937173E-02	1.924680E-02	1.913633E-02	1.894853E-02	1.878854E-02	1.865612E-02	1.857051E-02	1.846144E-02	1.836771E-02	1.828157E-02	1.816835E-02	1.806869E-02	1.794741E-02	1.784835E-02	1.773653E-02	1.764020E-02	1.755351E-02	1.747688E-02	1.743427E-02	1.736985E-02	1.731228E-02	1.720642E-02	1.711353E-02	1.703552E-02	1.699461E-02	1.692817E-02	1.681319E-02	1.671703E-02	1.659191E-02	1.645967E-02	1.632937E-02	1.616306E-02	1.601856E-02	1.591469E-02	1.581386E-02	1.572524E-02	1.564058E-02	1.556491E-02	1.540602E-02	1.517050E-02	1.478339E-02	1.403354E-02	1.277351E-02	1.069959E-02	

3.759214E-02	3.625592E-02	3.402048E-02	3.231077E-02	2.924883E-02	2.725685E-02	2.585421E-02	2.483944E-02	2.341943E-02	2.255278E-02	2.192059E-02	2.146167E-02	2.110403E-02	2.084511E-02	2.061218E-02	2.041040E-02	2.023942E-02	2.009587E-02	1.999349E-02	1.987699E-02	1.977397E-02	1.959836E-02	1.944760E-02	1.932243E-02	1.924421E-02	1.913952E-02	1.904955E-02	1.896639E-02	1.885687E-02	1.876003E-02	1.864133E-02	1.854610E-02	1.843598E-02	1.834102E-02	1.825523E-02	1.817942E-02	1.813866E-02	1.807467E-02	1.801750E-02	1.791209E-02	1.781941E-02	1.774168E-02	1.770228E-02	1.763568E-02	1.752036E-02	1.742374E-02	1.729768E-02	1.716540E-02	1.703355E-02	1.686596E-02	1.671934E-02	1.661416E-02	1.651146E-02	1.642107E-02	1.633448E-02	1.625702E-02	1.609357E-02	1.585032E-02	1.544901E-02	1.466889E-02	1.335495E-02	1.118920E-02	

3.786951E-02	3.651613E-02	3.426070E-02	3.254666E-02	2.950037E-02	2.754243E-02	2.617710E-02	2.519999E-02	2.384440E-02	2.303269E-02	2.244338E-02	2.201937E-02	2.169023E-02	2.145584E-02	2.124245E-02	2.105663E-02	2.089903E-02	2.076701E-02	2.067552E-02	2.056715E-02	2.047127E-02	2.030725E-02	2.016513E-02	2.004669E-02	1.997555E-02	1.987479E-02	1.978821E-02	1.970768E-02	1.960144E-02	1.950709E-02	1.939060E-02	1.929884E-02	1.919015E-02	1.909634E-02	1.901127E-02	1.893612E-02	1.889716E-02	1.883347E-02	1.877656E-02	1.867135E-02	1.857865E-02	1.850099E-02	1.846302E-02	1.839608E-02	1.828004E-02	1.818269E-02	1.805532E-02	1.792274E-02	1.778908E-02	1.762008E-02	1.747128E-02	1.736483E-02	1.726026E-02	1.716811E-02	1.707956E-02	1.700031E-02	1.683220E-02	1.658091E-02	1.616466E-02	1.535239E-02	1.398082E-02	1.171658E-02	

3.817635E-02	3.680654E-02	3.453294E-02	3.281707E-02	2.979236E-02	2.787371E-02	2.654984E-02	2.561370E-02	2.432687E-02	2.357283E-02	2.302793E-02	2.263967E-02	2.233941E-02	2.212971E-02	2.193579E-02	2.176571E-02	2.162118E-02	2.150034E-02	2.141951E-02	2.131889E-02	2.122976E-02	2.107663E-02	2.094251E-02	2.083019E-02	2.076582E-02	2.066850E-02	2.058493E-02	2.050669E-02	2.040334E-02	2.031117E-02	2.019658E-02	2.010802E-02	2.000055E-02	1.990776E-02	1.982329E-02	1.974873E-02	1.971162E-02	1.964816E-02	1.959145E-02	1.948632E-02	1.939346E-02	1.931576E-02	1.927925E-02	1.921185E-02	1.909492E-02	1.899666E-02	1.886778E-02	1.873481E-02	1.859923E-02	1.842885E-02	1.827788E-02	1.817025E-02	1.806386E-02	1.796996E-02	1.787946E-02	1.779842E-02	1.762551E-02	1.736584E-02	1.693383E-02	1.608734E-02	1.465412E-02	1.228420E-02	

3.852443E-02	3.713867E-02	3.484834E-02	3.313293E-02	3.013540E-02	2.826105E-02	2.698252E-02	2.609039E-02	2.487622E-02	2.418220E-02	2.368286E-02	2.333090E-02	2.305963E-02	2.287459E-02	2.269988E-02	2.254514E-02	2.241326E-02	2.230313E-02	2.223267E-02	2.213932E-02	2.205650E-02	2.191344E-02	2.178658E-02	2.167977E-02	2.162183E-02	2.152745E-02	2.144651E-02	2.137023E-02	2.126939E-02	2.117912E-02	2.106616E-02	2.098061E-02	2.087423E-02	2.078241E-02	2.069850E-02	2.062450E-02	2.058938E-02	2.052615E-02	2.046963E-02	2.036455E-02	2.027151E-02	2.019376E-02	2.015883E-02	2.009094E-02	1.997303E-02	1.987380E-02	1.974332E-02	1.961003E-02	1.947250E-02	1.930084E-02	1.914776E-02	1.903905E-02	1.893084E-02	1.883519E-02	1.874269E-02	1.865980E-02	1.848186E-02	1.821331E-02	1.776446E-02	1.688120E-02	1.538156E-02	1.289760E-02	

3.891543E-02	3.751437E-02	3.520918E-02	3.349693E-02	3.053293E-02	2.870831E-02	2.747926E-02	2.663428E-02	2.549666E-02	2.486490E-02	2.441214E-02	2.409686E-02	2.385456E-02	2.369402E-02	2.353816E-02	2.339827E-02	2.327849E-02	2.317854E-02	2.311811E-02	2.303150E-02	2.295451E-02	2.282065E-02	2.270030E-02	2.259834E-02	2.254652E-02	2.245458E-02	2.237592E-02	2.230129E-02	2.220262E-02	2.211404E-02	2.200250E-02	2.191992E-02	2.181461E-02	2.172380E-02	2.164051E-02	2.156718E-02	2.153428E-02	2.147140E-02	2.141517E-02	2.131033E-02	2.121727E-02	2.113962E-02	2.110657E-02	2.103830E-02	2.091959E-02	2.081955E-02	2.068761E-02	2.055433E-02	2.041498E-02	2.024234E-02	2.008721E-02	1.997752E-02	1.986747E-02	1.977002E-02	1.967543E-02	1.959061E-02	1.940734E-02	1.912927E-02	1.866230E-02	1.773938E-02	1.616795E-02	1.356073E-02	

3.933936E-02	3.792439E-02	3.560750E-02	3.390221E-02	3.098004E-02	2.921177E-02	2.803704E-02	2.724279E-02	2.618605E-02	2.561892E-02	2.521376E-02	2.493550E-02	2.472206E-02	2.458577E-02	2.444832E-02	2.432271E-02	2.421446E-02	2.412407E-02	2.407331E-02	2.399286E-02	2.392118E-02	2.379560E-02	2.368099E-02	2.358326E-02	2.353721E-02	2.344727E-02	2.337054E-02	2.329728E-02	2.320051E-02	2.311343E-02	2.300317E-02	2.292361E-02	2.281937E-02	2.272967E-02	2.264710E-02	2.257455E-02	2.254415E-02	2.248175E-02	2.242591E-02	2.232153E-02	2.222865E-02	2.215129E-02	2.212046E-02	2.205196E-02	2.193271E-02	2.183207E-02	2.169894E-02	2.156617E-02	2.142526E-02	2.125213E-02	2.109518E-02	2.098470E-02	2.087284E-02	2.077361E-02	2.067687E-02	2.059005E-02	2.040116E-02	2.011298E-02	1.962663E-02	1.866115E-02	1.701265E-02	1.427300E-02	

3.979785E-02	3.837072E-02	3.604594E-02	3.435201E-02	3.148086E-02	2.977597E-02	2.866055E-02	2.792060E-02	2.694885E-02	2.644841E-02	2.609159E-02	2.585041E-02	2.566550E-02	2.555303E-02	2.543334E-02	2.532131E-02	2.522386E-02	2.514233E-02	2.510084E-02	2.502592E-02	2.495897E-02	2.484072E-02	2.473107E-02	2.463695E-02	2.459625E-02	2.450787E-02	2.443277E-02	2.436063E-02	2.426550E-02	2.417972E-02	2.407057E-02	2.399396E-02	2.389069E-02	2.380202E-02	2.372010E-02	2.364827E-02	2.362048E-02	2.355854E-02	2.350305E-02	2.339903E-02	2.330626E-02	2.322916E-02	2.320065E-02	2.313189E-02	2.301209E-02	2.291086E-02	2.277657E-02	2.264460E-02	2.250232E-02	2.232915E-02	2.217067E-02	2.205969E-02	2.194620E-02	2.184530E-02	2.174646E-02	2.165768E-02	2.146308E-02	2.116440E-02	2.065768E-02	1.964709E-02	1.791649E-02	1.503543E-02	

4.029406E-02	3.885684E-02	3.652859E-02	3.485094E-02	3.204083E-02	3.040671E-02	2.935569E-02	2.867357E-02	2.779067E-02	2.735871E-02	2.705065E-02	2.684635E-02	2.668936E-02	2.660009E-02	2.649739E-02	2.639808E-02	2.631060E-02	2.623715E-02	2.620449E-02	2.613442E-02	2.607161E-02	2.595968E-02	2.585422E-02	2.576315E-02	2.572724E-02	2.564003E-02	2.556629E-02	2.549499E-02	2.540121E-02	2.531649E-02	2.520811E-02	2.513418E-02	2.503149E-02	2.494347E-02	2.486178E-02	2.479026E-02	2.476488E-02	2.470306E-02	2.464758E-02	2.454328E-02	2.445004E-02	2.437273E-02	2.434629E-02	2.427689E-02	2.415604E-02	2.405386E-02	2.391803E-02	2.378677E-02	2.364312E-02	2.347032E-02	2.331066E-02	2.319962E-02	2.308480E-02	2.298250E-02	2.288175E-02	2.279117E-02	2.259102E-02	2.228177E-02	2.175408E-02	2.069633E-02	1.887914E-02	1.584818E-02	

4.083229E-02	3.938749E-02	3.706092E-02	3.540508E-02	3.266691E-02	3.111120E-02	3.012969E-02	2.950882E-02	2.871826E-02	2.835614E-02	2.809691E-02	2.792897E-02	2.779905E-02	2.773219E-02	2.764551E-02	2.755793E-02	2.747950E-02	2.741323E-02	2.738897E-02	2.732302E-02	2.726371E-02	2.715712E-02	2.705510E-02	2.696656E-02	2.693504E-02	2.684872E-02	2.677613E-02	2.670555E-02	2.661301E-02	2.652929E-02	2.642162E-02	2.635045E-02	2.624825E-02	2.616079E-02	2.607921E-02	2.600785E-02	2.598493E-02	2.592313E-02	2.586750E-02	2.576262E-02	2.566865E-02	2.559091E-02	2.556651E-02	2.549631E-02	2.537417E-02	2.527089E-02	2.513336E-02	2.500292E-02	2.485798E-02	2.468596E-02	2.452539E-02	2.441462E-02	2.429865E-02	2.419509E-02	2.409249E-02	2.400016E-02	2.379438E-02	2.347418E-02	2.292446E-02	2.181676E-02	1.990747E-02	1.671668E-02	

4.141882E-02	3.996938E-02	3.765040E-02	3.602249E-02	3.336786E-02	3.189842E-02	3.099145E-02	3.043501E-02	2.973974E-02	2.944836E-02	2.923758E-02	2.910514E-02	2.900112E-02	2.895565E-02	2.888385E-02	2.880686E-02	2.873643E-02	2.867639E-02	2.866009E-02	2.859747E-02	2.854104E-02	2.843878E-02	2.833954E-02	2.825311E-02	2.822577E-02	2.814016E-02	2.806870E-02	2.799885E-02	2.790771E-02	2.782520E-02	2.771853E-02	2.765062E-02	2.754924E-02	2.746265E-02	2.738141E-02	2.731041E-02	2.729031E-02	2.722872E-02	2.717305E-02	2.706773E-02	2.697313E-02	2.689507E-02	2.687295E-02	2.680198E-02	2.667863E-02	2.657431E-02	2.643512E-02	2.630574E-02	2.615960E-02	2.598859E-02	2.582715E-02	2.571677E-02	2.559960E-02	2.549473E-02	2.539016E-02	2.529596E-02	2.508417E-02	2.475223E-02	2.417889E-02	2.301763E-02	2.100960E-02	1.764748E-02	

4.206282E-02	4.061218E-02	3.830745E-02	3.671415E-02	3.415535E-02	3.278010E-02	3.195253E-02	3.146348E-02	3.086592E-02	3.064566E-02	3.048254E-02	3.038435E-02	3.030478E-02	3.027950E-02	3.022122E-02	3.015356E-02	3.008997E-02	3.003513E-02	3.002634E-02	2.996627E-02	2.991205E-02	2.981317E-02	2.971609E-02	2.963146E-02	2.960834E-02	2.952340E-02	2.945317E-02	2.938425E-02	2.929491E-02	2.921411E-02	2.910912E-02	2.904544E-02	2.894565E-02	2.886065E-02	2.878038E-02	2.871032E-02	2.869376E-02	2.863285E-02	2.857755E-02	2.847244E-02	2.837772E-02	2.829978E-02	2.828051E-02	2.820905E-02	2.808497E-02	2.797993E-02	2.783938E-02	2.771155E-02	2.756432E-02	2.739451E-02	2.723205E-02	2.712192E-02	2.700329E-02	2.689682E-02	2.678995E-02	2.669356E-02	2.647499E-02	2.613000E-02	2.553071E-02	2.431113E-02	2.219614E-02	1.864901E-02	

4.277655E-02	4.132870E-02	3.904571E-02	3.749431E-02	3.504425E-02	3.377113E-02	3.302762E-02	3.260864E-02	3.211055E-02	3.196126E-02	3.184458E-02	3.177906E-02	3.172216E-02	3.171573E-02	3.166950E-02	3.160978E-02	3.155183E-02	3.150112E-02	3.149932E-02	3.144100E-02	3.138838E-02	3.129195E-02	3.119645E-02	3.111333E-02	3.109451E-02	3.101018E-02	3.094129E-02	3.087344E-02	3.078627E-02	3.070758E-02	3.060483E-02	3.054628E-02	3.044872E-02	3.036592E-02	3.028714E-02	3.021849E-02	3.020615E-02	3.014634E-02	3.009174E-02	2.998742E-02	2.989303E-02	2.981563E-02	2.979976E-02	2.972808E-02	2.960370E-02	2.949828E-02	2.935666E-02	2.923092E-02	2.908275E-02	2.891436E-02	2.875078E-02	2.864082E-02	2.852049E-02	2.841215E-02	2.830266E-02	2.820378E-02	2.797765E-02	2.761829E-02	2.699058E-02	2.570754E-02	2.347659E-02	1.972936E-02	

4.357846E-02	4.213785E-02	3.988480E-02	3.838309E-02	3.605508E-02	3.489194E-02	3.423682E-02	3.389021E-02	3.349264E-02	3.341364E-02	3.334168E-02	3.330689E-02	3.327064E-02	3.328163E-02	3.324583E-02	3.319260E-02	3.313905E-02	3.309144E-02	3.309572E-02	3.303836E-02	3.298668E-02	3.289161E-02	3.279683E-02	3.271454E-02	3.269968E-02	3.261538E-02	3.254730E-02	3.248011E-02	3.239447E-02	3.231735E-02	3.221615E-02	3.216225E-02	3.206627E-02	3.198506E-02	3.190726E-02	3.183958E-02	3.183134E-02	3.177229E-02	3.171814E-02	3.161418E-02	3.151981E-02	3.144274E-02	3.143035E-02	3.135835E-02	3.123357E-02	3.112782E-02	3.098526E-02	3.086219E-02	3.071342E-02	3.054738E-02	3.038322E-02	3.027395E-02	3.015224E-02	3.004225E-02	2.993026E-02	2.982896E-02	2.959513E-02	2.922079E-02	2.856307E-02	2.721235E-02	2.485708E-02	2.089465E-02	

4.457572E-02	4.314243E-02	4.092064E-02	3.947167E-02	3.727152E-02	3.622217E-02	3.565745E-02	3.538420E-02	3.508676E-02	3.507705E-02	3.504801E-02	3.504207E-02	3.502452E-02	3.505190E-02	3.502512E-02	3.497715E-02	3.492698E-02	3.488170E-02	3.489108E-02	3.483411E-02	3.478288E-02	3.468824E-02	3.459333E-02	3.451109E-02	3.449975E-02	3.441458E-02	3.434642E-02	3.427901E-02	3.419359E-02	3.411678E-02	3.401543E-02	3.396471E-02	3.386854E-02	3.378728E-02	3.370903E-02	3.364106E-02	3.363621E-02	3.357692E-02	3.352241E-02	3.341747E-02	3.332201E-02	3.324447E-02	3.323528E-02	3.316249E-02	3.303660E-02	3.293021E-02	3.278653E-02	3.266669E-02	3.251767E-02	3.235537E-02	3.219156E-02	3.208394E-02	3.196148E-02	3.185033E-02	3.173615E-02	3.163270E-02	3.139116E-02	3.100120E-02	3.031129E-02	2.888669E-02	2.639437E-02	2.219340E-02	

4.577036E-02	4.434700E-02	4.216178E-02	4.077162E-02	3.870966E-02	3.778031E-02	3.730921E-02	3.711102E-02	3.691384E-02	3.697246E-02	3.698437E-02	3.700519E-02	3.700412E-02	3.704685E-02	3.702754E-02	3.698350E-02	3.693569E-02	3.689198E-02	3.690571E-02	3.684863E-02	3.679751E-02	3.670274E-02	3.660731E-02	3.652483E-02	3.651713E-02	3.643064E-02	3.636197E-02	3.629394E-02	3.620807E-02	3.613089E-02	3.602841E-02	3.598020E-02	3.588270E-02	3.580027E-02	3.572059E-02	3.565145E-02	3.564963E-02	3.558933E-02	3.553388E-02	3.542691E-02	3.532949E-02	3.525081E-02	3.524468E-02	3.517064E-02	3.504294E-02	3.493553E-02	3.479033E-02	3.467389E-02	3.452452E-02	3.436657E-02	3.420335E-02	3.409773E-02	3.397463E-02	3.386235E-02	3.374590E-02	3.364020E-02	3.339028E-02	3.298322E-02	3.225783E-02	3.075144E-02	2.810693E-02	2.364063E-02	

4.720646E-02	4.579689E-02	4.365542E-02	4.233172E-02	4.042052E-02	3.961846E-02	3.924476E-02	3.912360E-02	3.902681E-02	3.915276E-02	3.920344E-02	3.924867E-02	3.926162E-02	3.931882E-02	3.930538E-02	3.926394E-02	3.921756E-02	3.917483E-02	3.919276E-02	3.913535E-02	3.908436E-02	3.898975E-02	3.889436E-02	3.881242E-02	3.880965E-02	3.872243E-02	3.865383E-02	3.858580E-02	3.850023E-02	3.842338E-02	3.832038E-02	3.827582E-02	3.817730E-02	3.809382E-02	3.801272E-02	3.794242E-02	3.794407E-02	3.788265E-02	3.782618E-02	3.771689E-02	3.761710E-02	3.753696E-02	3.753405E-02	3.745841E-02	3.732820E-02	3.721922E-02	3.707165E-02	3.695799E-02	3.680727E-02	3.665269E-02	3.648887E-02	3.638446E-02	3.625980E-02	3.614549E-02	3.602582E-02	3.591702E-02	3.565667E-02	3.522918E-02	3.446238E-02	3.286199E-02	3.004400E-02	2.527652E-02	

4.899309E-02	4.760058E-02	4.550919E-02	4.425956E-02	4.251167E-02	4.184454E-02	4.157224E-02	4.153039E-02	4.153428E-02	4.172686E-02	4.181410E-02	4.188136E-02	4.190572E-02	4.197693E-02	4.196780E-02	4.192773E-02	4.188197E-02	4.183988E-02	4.186255E-02	4.180489E-02	4.175445E-02	4.166120E-02	4.156739E-02	4.148784E-02	4.149257E-02	4.140620E-02	4.133921E-02	4.127276E-02	4.118963E-02	4.111507E-02	4.101365E-02	4.097566E-02	4.087774E-02	4.079442E-02	4.071283E-02	4.064211E-02	4.064851E-02	4.058641E-02	4.052926E-02	4.041796E-02	4.031575E-02	4.023408E-02	4.023486E-02	4.015729E-02	4.002373E-02	3.991239E-02	3.976098E-02	3.964868E-02	3.949456E-02	3.934066E-02	3.917348E-02	3.906821E-02	3.893986E-02	3.882153E-02	3.869670E-02	3.858302E-02	3.830841E-02	3.785469E-02	3.703680E-02	3.532358E-02	3.230039E-02	2.717967E-02	

5.132183E-02	4.994816E-02	4.791110E-02	4.674291E-02	4.517107E-02	4.464762E-02	4.448175E-02	4.452258E-02	4.462866E-02	4.488849E-02	4.501061E-02	4.509782E-02	4.513106E-02	4.521608E-02	4.520960E-02	4.516942E-02	4.512326E-02	4.508123E-02	4.510931E-02	4.505120E-02	4.500149E-02	4.491035E-02	4.481927E-02	4.474362E-02	4.475853E-02	4.467422E-02	4.461016E-02	4.454662E-02	4.446779E-02	4.439724E-02	4.429917E-02	4.427065E-02	4.417467E-02	4.409248E-02	4.401108E-02	4.394051E-02	4.395308E-02	4.389056E-02	4.383292E-02	4.371955E-02	4.361455E-02	4.353103E-02	4.353613E-02	4.345600E-02	4.331782E-02	4.320291E-02	4.304564E-02	4.293291E-02	4.277273E-02	4.261628E-02	4.244230E-02	4.233369E-02	4.219896E-02	4.207411E-02	4.194163E-02	4.182079E-02	4.152686E-02	4.103903E-02	4.015654E-02	3.830361E-02	3.502927E-02	2.947900E-02	

5.431474E-02	5.295835E-02	5.097288E-02	4.988681E-02	4.848947E-02	4.810758E-02	4.804494E-02	4.816555E-02	4.836648E-02	4.868860E-02	4.884009E-02	4.894259E-02	4.898034E-02	4.907625E-02	4.906901E-02	4.902545E-02	4.897598E-02	4.893148E-02	4.896367E-02	4.890288E-02	4.885197E-02	4.875961E-02	4.866842E-02	4.859437E-02	4.861871E-02	4.853449E-02	4.847183E-02	4.840981E-02	4.833357E-02	4.826564E-02	4.816924E-02	4.814975E-02	4.805445E-02	4.797250E-02	4.789049E-02	4.781949E-02	4.783894E-02	4.777564E-02	4.771722E-02	4.760134E-02	4.749326E-02	4.740784E-02	4.741849E-02	4.733575E-02	4.719300E-02	4.707471E-02	4.691181E-02	4.680044E-02	4.663464E-02	4.647756E-02	4.629734E-02	4.618617E-02	4.604501E-02	4.591342E-02	4.577270E-02	4.564408E-02	4.532845E-02	4.480156E-02	4.384418E-02	4.182766E-02	3.825772E-02	3.220039E-02	

5.940104E-02	5.802494E-02	5.604085E-02	5.501751E-02	5.377880E-02	5.354686E-02	5.359945E-02	5.381410E-02	5.412820E-02	5.453097E-02	5.472072E-02	5.484447E-02	5.488952E-02	5.499965E-02	5.499133E-02	5.494211E-02	5.488652E-02	5.483661E-02	5.487293E-02	5.480550E-02	5.474964E-02	5.464881E-02	5.455025E-02	5.447123E-02	5.450294E-02	5.441232E-02	5.434582E-02	5.428011E-02	5.419992E-02	5.412883E-02	5.402687E-02	5.401262E-02	5.391186E-02	5.382527E-02	5.373820E-02	5.366313E-02	5.369005E-02	5.362319E-02	5.356160E-02	5.343894E-02	5.332431E-02	5.323466E-02	5.325283E-02	5.316542E-02	5.301501E-02	5.289114E-02	5.271985E-02	5.261120E-02	5.243786E-02	5.228168E-02	5.209377E-02	5.198031E-02	5.183074E-02	5.169023E-02	5.153816E-02	5.139883E-02	5.105215E-02	5.046838E-02	4.940053E-02	4.714022E-02	4.312725E-02	3.630737E-02	

6.874206E-02	6.726604E-02	6.517318E-02	6.416700E-02	6.304562E-02	6.297631E-02	6.316647E-02	6.350307E-02	6.396702E-02	6.448812E-02	6.473472E-02	6.489262E-02	6.495163E-02	6.508536E-02	6.507717E-02	6.501993E-02	6.495493E-02	6.489631E-02	6.493954E-02	6.486013E-02	6.479458E-02	6.467610E-02	6.456079E-02	6.446847E-02	6.450794E-02	6.440190E-02	6.432456E-02	6.424806E-02	6.415514E-02	6.407307E-02	6.395519E-02	6.394277E-02	6.382725E-02	6.372848E-02	6.362909E-02	6.354396E-02	6.358063E-02	6.350538E-02	6.343630E-02	6.329882E-02	6.317066E-02	6.307185E-02	6.310112E-02	6.300437E-02	6.283880E-02	6.270364E-02	6.251632E-02	6.241009E-02	6.222252E-02	6.206582E-02	6.186375E-02	6.174563E-02	6.158122E-02	6.142530E-02	6.125381E-02	6.109617E-02	6.069686E-02	6.001693E-02	5.876277E-02	5.609148E-02	5.133200E-02	4.322733E-02	

8.680568E-02	8.504329E-02	8.258292E-02	8.147742E-02	8.035694E-02	8.046259E-02	8.083050E-02	8.134444E-02	8.203472E-02	8.275563E-02	8.310184E-02	8.332570E-02	8.341792E-02	8.360302E-02	8.360447E-02	8.354182E-02	8.346829E-02	8.340206E-02	8.346554E-02	8.337074E-02	8.329334E-02	8.315262E-02	8.301475E-02	8.290434E-02	8.296345E-02	8.283350E-02	8.273973E-02	8.264596E-02	8.253283E-02	8.243293E-02	8.228801E-02	8.228053E-02	8.213890E-02	8.201820E-02	8.189610E-02	8.179226E-02	8.184619E-02	8.175490E-02	8.167130E-02	8.150481E-02	8.134987E-02	8.123228E-02	8.127975E-02	8.116378E-02	8.096632E-02	8.080653E-02	8.058440E-02	8.047470E-02	8.025427E-02	8.008589E-02	7.984965E-02	7.971643E-02	7.951943E-02	7.933078E-02	7.911985E-02	7.892534E-02	7.842409E-02	7.756169E-02	7.595883E-02	7.252562E-02	6.638929E-02	5.592162E-02	

1.172582E-01	1.149167E-01	1.116663E-01	1.102429E-01	1.088542E-01	1.090779E-01	1.096277E-01	1.103579E-01	1.113316E-01	1.123398E-01	1.128302E-01	1.131596E-01	1.133137E-01	1.135949E-01	1.136275E-01	1.135731E-01	1.135030E-01	1.134421E-01	1.135550E-01	1.134505E-01	1.133686E-01	1.132181E-01	1.130670E-01	1.129468E-01	1.130555E-01	1.129020E-01	1.127942E-01	1.126830E-01	1.125509E-01	1.124336E-01	1.122572E-01	1.122698E-01	1.120949E-01	1.119453E-01	1.117913E-01	1.116612E-01	1.117464E-01	1.116317E-01	1.115265E-01	1.113154E-01	1.111183E-01	1.109711E-01	1.110483E-01	1.109009E-01	1.106505E-01	1.104490E-01	1.101672E-01	1.100467E-01	1.097675E-01	1.095711E-01	1.092715E-01	1.091072E-01	1.088516E-01	1.086048E-01	1.083254E-01	1.080671E-01	1.073934E-01	1.062263E-01	1.040461E-01	9.935979E-02	9.096736E-02	7.663586E-02	

1.579721E-01	1.547541E-01	1.502548E-01	1.482290E-01	1.461508E-01	1.463074E-01	1.469473E-01	1.478565E-01	1.490739E-01	1.503988E-01	1.510481E-01	1.515130E-01	1.517630E-01	1.521922E-01	1.522942E-01	1.522829E-01	1.522504E-01	1.522299E-01	1.524381E-01	1.523503E-01	1.522907E-01	1.521784E-01	1.520557E-01	1.519610E-01	1.521688E-01	1.520145E-01	1.519139E-01	1.518011E-01	1.516722E-01	1.515556E-01	1.513638E-01	1.514278E-01	1.512293E-01	1.510571E-01	1.508727E-01	1.507182E-01	1.508525E-01	1.507142E-01	1.505864E-01	1.503259E-01	1.500803E-01	1.498996E-01	1.500187E-01	1.498333E-01	1.495172E-01	1.492635E-01	1.489054E-01	1.487705E-01	1.484126E-01	1.481751E-01	1.477880E-01	1.475784E-01	1.472417E-01	1.469152E-01	1.465428E-01	1.461978E-01	1.452935E-01	1.437216E-01	1.407793E-01	1.344458E-01	1.230957E-01	1.037067E-01	

1.983338E-01	1.943436E-01	1.887148E-01	1.861385E-01	1.833793E-01	1.834187E-01	1.840901E-01	1.851197E-01	1.864854E-01	1.880616E-01	1.888222E-01	1.893967E-01	1.897319E-01	1.903065E-01	1.904830E-01	1.905245E-01	1.905422E-01	1.905769E-01	1.908947E-01	1.908377E-01	1.908150E-01	1.907684E-01	1.907003E-01	1.906539E-01	1.909825E-01	1.908470E-01	1.907704E-01	1.906704E-01	1.905647E-01	1.904667E-01	1.902801E-01	1.904174E-01	1.902138E-01	1.900346E-01	1.898330E-01	1.896659E-01	1.898604E-01	1.897085E-01	1.895666E-01	1.892720E-01	1.889908E-01	1.887883E-01	1.889592E-01	1.887447E-01	1.883776E-01	1.880839E-01	1.876644E-01	1.875339E-01	1.871106E-01	1.868510E-01	1.863885E-01	1.861425E-01	1.857312E-01	1.853301E-01	1.848687E-01	1.844401E-01	1.833100E-01	1.813378E-01	1.776367E-01	1.696564E-01	1.553429E-01	1.308811E-01	

2.284128E-01	2.241223E-01	2.180340E-01	2.152996E-01	2.123427E-01	2.124041E-01	2.131287E-01	2.142394E-01	2.156600E-01	2.173563E-01	2.181333E-01	2.187315E-01	2.190802E-01	2.197223E-01	2.199183E-01	2.199683E-01	2.199977E-01	2.200519E-01	2.204353E-01	2.203852E-01	2.203769E-01	2.203584E-01	2.203164E-01	2.202955E-01	2.207111E-01	2.205847E-01	2.205234E-01	2.204320E-01	2.203446E-01	2.202638E-01	2.200874E-01	2.202920E-01	2.200960E-01	2.199239E-01	2.197216E-01	2.195577E-01	2.198126E-01	2.196626E-01	2.195220E-01	2.192239E-01	2.189371E-01	2.187377E-01	2.189685E-01	2.187489E-01	2.183738E-01	2.180765E-01	2.176447E-01	2.175661E-01	2.171296E-01	2.169097E-01	2.164295E-01	2.161868E-01	2.157423E-01	2.153035E-01	2.147897E-01	2.143104E-01	2.130272E-01	2.107674E-01	2.065006E-01	1.972610E-01	1.806509E-01	1.522292E-01	

2.466055E-01	2.424452E-01	2.365154E-01	2.339724E-01	2.312436E-01	2.314323E-01	2.322108E-01	2.333473E-01	2.347136E-01	2.363762E-01	2.370611E-01	2.375787E-01	2.378488E-01	2.384563E-01	2.385954E-01	2.385892E-01	2.385718E-01	2.385902E-01	2.389739E-01	2.388912E-01	2.388593E-01	2.388046E-01	2.387363E-01	2.386984E-01	2.391445E-01	2.390031E-01	2.389360E-01	2.388388E-01	2.387512E-01	2.386744E-01	2.385013E-01	2.387512E-01	2.385666E-01	2.384084E-01	2.382173E-01	2.380678E-01	2.383752E-01	2.382397E-01	2.381131E-01	2.378392E-01	2.375741E-01	2.374005E-01	2.376936E-01	2.374923E-01	2.371514E-01	2.368863E-01	2.364922E-01	2.365095E-01	2.361145E-01	2.359962E-01	2.355600E-01	2.353627E-01	2.349312E-01	2.344964E-01	2.339726E-01	2.334813E-01	2.321321E-01	2.297230E-01	2.251311E-01	2.151218E-01	1.970634E-01	1.661039E-01	

2.539199E-01	2.501408E-01	2.447523E-01	2.426147E-01	2.404049E-01	2.408116E-01	2.416684E-01	2.428151E-01	2.440987E-01	2.456576E-01	2.462121E-01	2.466105E-01	2.467707E-01	2.472982E-01	2.473547E-01	2.472736E-01	2.471926E-01	2.471578E-01	2.475108E-01	2.473853E-01	2.473186E-01	2.472084E-01	2.470983E-01	2.470300E-01	2.474745E-01	2.473130E-01	2.472335E-01	2.471268E-01	2.470328E-01	2.469551E-01	2.467840E-01	2.470600E-01	2.468878E-01	2.467449E-01	2.465693E-01	2.464372E-01	2.467810E-01	2.466632E-01	2.465539E-01	2.463123E-01	2.460775E-01	2.459349E-01	2.462761E-01	2.461001E-01	2.458056E-01	2.455823E-01	2.452409E-01	2.453515E-01	2.450141E-01	2.450016E-01	2.446281E-01	2.444849E-01	2.440854E-01	2.436737E-01	2.431628E-01	2.426808E-01	2.413242E-01	2.388698E-01	2.341502E-01	2.238000E-01	2.050657E-01	1.728910E-01	

2.536515E-01	2.503972E-01	2.458025E-01	2.442429E-01	2.428559E-01	2.436547E-01	2.447028E-01	2.459396E-01	2.472636E-01	2.487940E-01	2.492919E-01	2.496305E-01	2.497319E-01	2.502103E-01	2.502189E-01	2.500946E-01	2.499762E-01	2.499089E-01	2.502387E-01	2.500875E-01	2.499989E-01	2.498526E-01	2.497146E-01	2.496252E-01	2.500615E-01	2.498864E-01	2.497979E-01	2.496842E-01	2.495842E-01	2.495040E-01	2.493330E-01	2.496196E-01	2.494548E-01	2.493215E-01	2.491562E-01	2.490354E-01	2.493977E-01	2.492917E-01	2.491939E-01	2.489747E-01	2.487614E-01	2.486398E-01	2.490078E-01	2.488499E-01	2.485884E-01	2.483944E-01	2.480910E-01	2.482610E-01	2.479650E-01	2.480218E-01	2.476938E-01	2.475878E-01	2.472141E-01	2.468225E-01	2.463261E-01	2.458561E-01	2.445109E-01	2.420560E-01	2.373088E-01	2.268576E-01	2.079013E-01	1.753089E-01	

2.466929E-01	2.441991E-01	2.407327E-01	2.399330E-01	2.395875E-01	2.408319E-01	2.420734E-01	2.433971E-01	2.447692E-01	2.462941E-01	2.467908E-01	2.471299E-01	2.472332E-01	2.477046E-01	2.477122E-01	2.475879E-01	2.474698E-01	2.474001E-01	2.477235E-01	2.475706E-01	2.474793E-01	2.473238E-01	2.471770E-01	2.470779E-01	2.474996E-01	2.473161E-01	2.472198E-01	2.470984E-01	2.469867E-01	2.468956E-01	2.467118E-01	2.469797E-01	2.468035E-01	2.466618E-01	2.464889E-01	2.463610E-01	2.467124E-01	2.466011E-01	2.464985E-01	2.462726E-01	2.460545E-01	2.459282E-01	2.462878E-01	2.461273E-01	2.458618E-01	2.456652E-01	2.453600E-01	2.455230E-01	2.452267E-01	2.452794E-01	2.449534E-01	2.448476E-01	2.444776E-01	2.440904E-01	2.435997E-01	2.431350E-01	2.418052E-01	2.393783E-01	2.346850E-01	2.243514E-01	2.056067E-01	1.733762E-01	

2.450075E-01	2.429272E-01	2.400581E-01	2.396394E-01	2.397429E-01	2.411015E-01	2.423279E-01	2.436224E-01	2.449195E-01	2.464280E-01	2.469510E-01	2.473387E-01	2.474954E-01	2.480107E-01	2.480614E-01	2.479749E-01	2.478903E-01	2.478463E-01	2.481907E-01	2.480556E-01	2.479782E-01	2.478356E-01	2.476942E-01	2.475931E-01	2.480067E-01	2.478133E-01	2.477060E-01	2.475710E-01	2.474360E-01	2.473202E-01	2.471016E-01	2.473270E-01	2.471115E-01	2.469356E-01	2.467288E-01	2.465687E-01	2.468887E-01	2.467488E-01	2.466196E-01	2.463468E-01	2.460872E-01	2.459235E-01	2.462486E-01	2.460568E-01	2.457377E-01	2.454961E-01	2.451347E-01	2.452228E-01	2.448692E-01	2.448365E-01	2.444507E-01	2.442983E-01	2.438926E-01	2.434766E-01	2.429625E-01	2.424778E-01	2.411180E-01	2.386613E-01	2.339419E-01	2.235972E-01	2.048775E-01	1.727310E-01	

2.402023E-01	2.385353E-01	2.362319E-01	2.361072E-01	2.364460E-01	2.377154E-01	2.387575E-01	2.398777E-01	2.408898E-01	2.422165E-01	2.426521E-01	2.429995E-01	2.431410E-01	2.436359E-01	2.436840E-01	2.435999E-01	2.435187E-01	2.434733E-01	2.438070E-01	2.436711E-01	2.435897E-01	2.434300E-01	2.432700E-01	2.431465E-01	2.435231E-01	2.433069E-01	2.431757E-01	2.430163E-01	2.428431E-01	2.426895E-01	2.424232E-01	2.425828E-01	2.423169E-01	2.420969E-01	2.418490E-01	2.416497E-01	2.419221E-01	2.417485E-01	2.415882E-01	2.412613E-01	2.409548E-01	2.407479E-01	2.410233E-01	2.407974E-01	2.404196E-01	2.401286E-01	2.397073E-01	2.397046E-01	2.392914E-01	2.391608E-01	2.387152E-01	2.385139E-01	2.380771E-01	2.376381E-01	2.371094E-01	2.366132E-01	2.352498E-01	2.328135E-01	2.281669E-01	2.180315E-01	1.997380E-01	1.683667E-01	

2.247705E-01	2.235295E-01	2.217427E-01	2.217118E-01	2.217932E-01	2.224873E-01	2.229361E-01	2.235100E-01	2.236849E-01	2.243489E-01	2.243437E-01	2.243570E-01	2.242450E-01	2.244955E-01	2.243739E-01	2.241590E-01	2.239653E-01	2.238161E-01	2.240237E-01	2.238153E-01	2.236612E-01	2.233733E-01	2.231064E-01	2.228875E-01	2.231323E-01	2.228487E-01	2.226516E-01	2.224344E-01	2.221786E-01	2.219509E-01	2.216050E-01	2.216370E-01	2.212984E-01	2.210153E-01	2.207160E-01	2.204682E-01	2.206548E-01	2.204431E-01	2.202480E-01	2.198656E-01	2.195142E-01	2.192634E-01	2.194578E-01	2.192035E-01	2.187779E-01	2.184463E-01	2.179825E-01	2.178783E-01	2.174283E-01	2.172049E-01	2.167295E-01	2.164943E-01	2.160577E-01	2.156274E-01	2.151217E-01	2.146495E-01	2.133782E-01	2.111318E-01	2.068790E-01	1.976481E-01	1.810302E-01	1.525707E-01	

1.867386E-01	1.857041E-01	1.840302E-01	1.835378E-01	1.822872E-01	1.815057E-01	1.806566E-01	1.800881E-01	1.786059E-01	1.779330E-01	1.770456E-01	1.763726E-01	1.757344E-01	1.754605E-01	1.749806E-01	1.744896E-01	1.740563E-01	1.736850E-01	1.736093E-01	1.732480E-01	1.729393E-01	1.723835E-01	1.718938E-01	1.714772E-01	1.714312E-01	1.710146E-01	1.706839E-01	1.703529E-01	1.699337E-01	1.695604E-01	1.690637E-01	1.688302E-01	1.683559E-01	1.679538E-01	1.675617E-01	1.672252E-01	1.672274E-01	1.669471E-01	1.666898E-01	1.662105E-01	1.657829E-01	1.654532E-01	1.654724E-01	1.651717E-01	1.646676E-01	1.642675E-01	1.637375E-01	1.634301E-01	1.629255E-01	1.625232E-01	1.620099E-01	1.617177E-01	1.613028E-01	1.609111E-01	1.604764E-01	1.600756E-01	1.590521E-01	1.572977E-01	1.540439E-01	1.470806E-01	1.346392E-01	1.134151E-01	

9.580371E-02	9.442940E-02	9.211426E-02	9.040813E-02	8.687333E-02	8.412421E-02	8.177703E-02	7.990797E-02	7.676955E-02	7.461789E-02	7.284664E-02	7.145615E-02	7.027935E-02	6.937051E-02	6.851584E-02	6.775334E-02	6.707968E-02	6.647678E-02	6.601675E-02	6.551385E-02	6.505038E-02	6.423094E-02	6.352407E-02	6.291097E-02	6.246072E-02	6.194073E-02	6.148747E-02	6.106370E-02	6.050088E-02	6.000064E-02	5.939612E-02	5.883796E-02	5.827364E-02	5.778869E-02	5.734979E-02	5.696035E-02	5.670420E-02	5.638768E-02	5.609862E-02	5.558562E-02	5.514246E-02	5.477212E-02	5.454101E-02	5.424009E-02	5.373303E-02	5.332190E-02	5.281133E-02	5.228313E-02	5.180886E-02	5.124035E-02	5.078272E-02	5.047294E-02	5.017715E-02	4.992320E-02	4.968064E-02	4.946580E-02	4.900828E-02	4.831813E-02	4.715933E-02	4.486036E-02	4.092592E-02	3.436808E-02	

