11.918432235717773
13.011539459228516
14.204901695251465
15.50771427154541
16.930015563964844
18.482763290405273
20.17792320251465
22.028554916381836
24.048919677734375
26.25458335876465
28.662540435791016
31.291345596313477
34.1612548828125
37.294376373291016
40.71485900878906
44.44905090332031
48.525726318359375
52.976295471191406
57.83505630493164
63.13943862915039
68.93031311035156
75.25231170654297
82.15412902832031
89.68894958496094
97.91483306884766
106.8951644897461
116.69912719726562
127.40227508544922
139.08706665039062
151.84353637695312
165.76995849609375
180.9736785888672
197.57180786132812
215.69224548339844
235.474609375
257.0713195800781
280.6488037109375
306.3887023925781
334.4893493652344
365.16729736328125
398.65887451171875
435.2221374511719
475.13885498046875
518.716552734375
566.291015625
618.228759765625
674.9300537109375
736.8317260742188
804.4107666015625
878.1878662109375
958.7315063476562
1046.6622314453125
1142.6575927734375
1247.457275390625
1361.86865234375
1486.7734375
1623.1339111328125
1772.000732421875
1934.5211181640625
2111.947021484375
2305.645751953125
2517.109619140625
2747.96826171875