2.921611E-02	2.711045E-02	2.370845E-02	2.133232E-02	1.713635E-02	1.496347E-02	1.324303E-02	1.243315E-02	1.097787E-02	1.040795E-02	9.884066E-03	9.425274E-03	8.946289E-03	9.189474E-03	9.044535E-03	8.896326E-03	8.710858E-03	8.515815E-03	8.849055E-03	8.716370E-03	8.647813E-03	8.562393E-03	8.429654E-03	8.261142E-03	8.584551E-03	8.474809E-03	8.433020E-03	8.401592E-03	8.321292E-03	8.208240E-03	8.028950E-03	8.360712E-03	8.307955E-03	8.239083E-03	8.133529E-03	8.007215E-03	8.349038E-03	8.254448E-03	8.204891E-03	8.124622E-03	8.005429E-03	7.848537E-03	8.161763E-03	8.053554E-03	7.943296E-03	7.802675E-03	7.514849E-03	7.755965E-03	7.550205E-03	7.622011E-03	7.424121E-03	7.302923E-03	7.022719E-03	6.763738E-03	6.495025E-03	6.221579E-03	5.692250E-03	4.996021E-03	4.077680E-03	2.879674E-03	1.719246E-03	8.032492E-04	

2.832234E-02	2.627405E-02	2.297081E-02	2.067004E-02	1.660999E-02	1.452437E-02	1.286656E-02	1.210094E-02	1.070967E-02	1.017746E-02	9.681503E-03	9.244059E-03	8.782550E-03	9.031521E-03	8.895405E-03	8.754714E-03	8.576243E-03	8.387468E-03	8.718596E-03	8.590077E-03	8.524381E-03	8.442959E-03	8.314091E-03	8.149386E-03	8.468269E-03	8.360595E-03	8.319564E-03	8.288548E-03	8.209152E-03	8.097355E-03	7.920036E-03	8.245345E-03	8.192242E-03	8.123286E-03	8.018306E-03	7.892968E-03	8.228394E-03	8.134452E-03	8.084895E-03	8.004532E-03	7.886072E-03	7.730693E-03	8.038115E-03	7.930937E-03	7.821344E-03	7.682137E-03	7.397990E-03	7.634346E-03	7.431298E-03	7.501354E-03	7.306316E-03	7.186845E-03	6.910985E-03	6.656051E-03	6.391563E-03	6.122435E-03	5.601502E-03	4.916354E-03	4.012665E-03	2.833795E-03	1.691892E-03	7.904916E-04	

2.751325E-02	2.551140E-02	2.229248E-02	2.005834E-02	1.612141E-02	1.411708E-02	1.251764E-02	1.179413E-02	1.046348E-02	9.967415E-03	9.498074E-03	9.080903E-03	8.635838E-03	8.890652E-03	8.762892E-03	8.629284E-03	8.457350E-03	8.274392E-03	8.603677E-03	8.478983E-03	8.415907E-03	8.338106E-03	8.212714E-03	8.051409E-03	8.366097E-03	8.260211E-03	8.219772E-03	8.189029E-03	8.110301E-03	7.999490E-03	7.823765E-03	8.143058E-03	8.089461E-03	8.020269E-03	7.915669E-03	7.791090E-03	8.120662E-03	8.027212E-03	7.977575E-03	7.897000E-03	7.779111E-03	7.625029E-03	7.927214E-03	7.820929E-03	7.711899E-03	7.573953E-03	7.293113E-03	7.525201E-03	7.324609E-03	7.393164E-03	7.200726E-03	7.082840E-03	6.810901E-03	6.559610E-03	6.298917E-03	6.033663E-03	5.520250E-03	4.845022E-03	3.954447E-03	2.792704E-03	1.667390E-03	7.790643E-04	

2.674212E-02	2.478770E-02	2.165200E-02	1.948275E-02	1.566372E-02	1.373776E-02	1.219390E-02	1.151124E-02	1.023868E-02	9.777515E-03	9.333641E-03	8.935755E-03	8.506166E-03	8.766857E-03	8.646992E-03	8.520037E-03	8.354186E-03	8.176598E-03	8.504267E-03	8.383054E-03	8.322340E-03	8.247755E-03	8.125416E-03	7.967075E-03	8.277863E-03	8.173462E-03	8.133428E-03	8.102799E-03	8.024475E-03	7.914361E-03	7.739835E-03	8.053539E-03	7.999294E-03	7.929711E-03	7.825301E-03	7.701269E-03	8.025517E-03	7.932409E-03	7.882616E-03	7.801722E-03	7.684249E-03	7.531255E-03	7.828758E-03	7.723232E-03	7.614665E-03	7.477828E-03	7.199934E-03	7.428278E-03	7.229908E-03	7.297212E-03	7.107131E-03	6.990695E-03	6.722257E-03	6.474215E-03	6.216898E-03	5.955085E-03	5.448344E-03	4.781906E-03	3.902940E-03	2.756352E-03	1.645713E-03	7.689546E-04	

2.600465E-02	2.409909E-02	2.104620E-02	1.894068E-02	1.523530E-02	1.338536E-02	1.189462E-02	1.125169E-02	1.003487E-02	9.607514E-03	9.188053E-03	8.808535E-03	8.393502E-03	8.660113E-03	8.547697E-03	8.426977E-03	8.266767E-03	8.094112E-03	8.420372E-03	8.302299E-03	8.243692E-03	8.171905E-03	8.052182E-03	7.896353E-03	8.203486E-03	8.100241E-03	8.060396E-03	8.029698E-03	7.951492E-03	7.841776E-03	7.668046E-03	7.976529E-03	7.921467E-03	7.851329E-03	7.746910E-03	7.623212E-03	7.942661E-03	7.849743E-03	7.799717E-03	7.718397E-03	7.601192E-03	7.449090E-03	7.742474E-03	7.637584E-03	7.529401E-03	7.393545E-03	7.118264E-03	7.343463E-03	7.147124E-03	7.213529E-03	7.025621E-03	6.910550E-03	6.645226E-03	6.400058E-03	6.145711E-03	5.886913E-03	5.385996E-03	4.727204E-03	3.858314E-03	2.724858E-03	1.626929E-03	7.601904E-04	

2.530251E-02	2.344578E-02	2.047381E-02	1.843025E-02	1.483395E-02	1.305786E-02	1.161806E-02	1.101407E-02	9.851133E-03	9.456737E-03	9.060797E-03	8.698850E-03	8.297545E-03	8.570209E-03	8.464853E-03	8.349997E-03	8.195020E-03	8.026885E-03	8.352032E-03	8.236781E-03	8.180051E-03	8.110701E-03	7.993196E-03	7.839456E-03	8.143256E-03	8.040867E-03	8.001028E-03	7.970108E-03	7.891764E-03	7.782165E-03	7.608845E-03	7.912434E-03	7.856367E-03	7.785485E-03	7.680839E-03	7.557239E-03	7.872440E-03	7.779546E-03	7.729201E-03	7.647339E-03	7.530244E-03	7.378829E-03	7.668690E-03	7.564313E-03	7.456444E-03	7.321448E-03	7.048461E-03	7.271129E-03	7.076634E-03	7.142473E-03	6.956523E-03	6.842709E-03	6.580079E-03	6.337385E-03	6.085583E-03	5.829356E-03	5.333387E-03	4.681070E-03	3.820689E-03	2.698306E-03	1.611088E-03	7.527979E-04	

2.463917E-02	2.283035E-02	1.993637E-02	1.795252E-02	1.446026E-02	1.275579E-02	1.136469E-02	1.079882E-02	9.687844E-03	9.325532E-03	8.952199E-03	8.607004E-03	8.218587E-03	8.497369E-03	8.398651E-03	8.289258E-03	8.139083E-03	7.975036E-03	8.299474E-03	8.186728E-03	8.131668E-03	8.064441E-03	7.948798E-03	7.796760E-03	8.097562E-03	7.995747E-03	7.955744E-03	7.924457E-03	7.845728E-03	7.735967E-03	7.562669E-03	7.861691E-03	7.804419E-03	7.732598E-03	7.627497E-03	7.503751E-03	7.815250E-03	7.722209E-03	7.671455E-03	7.588917E-03	7.471759E-03	7.320806E-03	7.607694E-03	7.503684E-03	7.396007E-03	7.261709E-03	6.990640E-03	7.211348E-03	7.018479E-03	7.084085E-03	6.899889E-03	6.787233E-03	6.526887E-03	6.286275E-03	6.036595E-03	5.782498E-03	5.290605E-03	4.643588E-03	3.790140E-03	2.676750E-03	1.598222E-03	7.467893E-04	

2.401721E-02	2.225421E-02	1.943415E-02	1.750742E-02	1.411409E-02	1.247919E-02	1.113470E-02	1.060623E-02	9.545448E-03	9.214408E-03	8.862790E-03	8.533544E-03	8.157177E-03	8.442153E-03	8.349647E-03	8.245313E-03	8.099503E-03	7.939109E-03	8.263207E-03	8.152643E-03	8.099026E-03	8.033576E-03	7.919406E-03	7.768648E-03	8.066828E-03	7.965289E-03	7.924948E-03	7.893147E-03	7.813780E-03	7.703573E-03	7.529894E-03	7.824760E-03	7.766106E-03	7.693170E-03	7.587402E-03	7.463277E-03	7.771684E-03	7.678333E-03	7.627091E-03	7.543775E-03	7.426403E-03	7.275706E-03	7.560258E-03	7.456482E-03	7.348917E-03	7.215186E-03	6.945691E-03	7.165106E-03	6.973659E-03	7.039352E-03	6.856649E-03	6.744991E-03	6.486444E-03	6.247456E-03	5.999422E-03	5.746967E-03	5.258197E-03	4.615218E-03	3.767029E-03	2.660440E-03	1.588482E-03	7.422387E-04	

2.342824E-02	2.170976E-02	1.896068E-02	1.708920E-02	1.379081E-02	1.222425E-02	1.092487E-02	1.043356E-02	9.421872E-03	9.121650E-03	8.791104E-03	8.477190E-03	8.112192E-03	8.403464E-03	8.316809E-03	8.217183E-03	8.075352E-03	7.918218E-03	8.242275E-03	8.133587E-03	8.081192E-03	8.017161E-03	7.904063E-03	7.754155E-03	8.050019E-03	7.948443E-03	7.907568E-03	7.875090E-03	7.794819E-03	7.683879E-03	7.509432E-03	7.800553E-03	7.740368E-03	7.666166E-03	7.559544E-03	7.434833E-03	7.740677E-03	7.646867E-03	7.595062E-03	7.510857E-03	7.393118E-03	7.242470E-03	7.525226E-03	7.421548E-03	7.313986E-03	7.180666E-03	6.912380E-03	7.130968E-03	6.940688E-03	7.006699E-03	6.825237E-03	6.714440E-03	6.457273E-03	6.219518E-03	5.972717E-03	5.721477E-03	5.234995E-03	4.594943E-03	3.750533E-03	2.648804E-03	1.581528E-03	7.389885E-04	

2.287975E-02	2.120330E-02	1.852096E-02	1.670231E-02	1.349419E-02	1.199460E-02	1.073864E-02	1.028414E-02	9.320159E-03	9.050222E-03	8.740005E-03	8.440706E-03	8.086277E-03	8.384023E-03	8.302818E-03	8.207506E-03	8.069213E-03	7.914885E-03	8.239289E-03	8.132127E-03	8.080707E-03	8.017704E-03	7.905238E-03	7.755705E-03	8.049542E-03	7.947569E-03	7.905922E-03	7.872560E-03	7.791054E-03	7.679030E-03	7.503340E-03	7.791265E-03	7.729386E-03	7.653752E-03	7.546065E-03	7.420528E-03	7.724488E-03	7.630054E-03	7.577611E-03	7.492423E-03	7.374164E-03	7.223348E-03	7.505006E-03	7.401292E-03	7.293659E-03	7.160606E-03	6.893136E-03	7.111619E-03	6.922276E-03	6.988963E-03	6.808468E-03	6.698370E-03	6.442058E-03	6.205043E-03	5.958955E-03	5.708398E-03	5.223164E-03	4.584662E-03	3.742200E-03	2.642933E-03	1.578013E-03	7.373417E-04	

2.240628E-02	2.076109E-02	1.813179E-02	1.635869E-02	1.323080E-02	1.179490E-02	1.057965E-02	1.016125E-02	9.243148E-03	9.002804E-03	8.712055E-03	8.426556E-03	8.081798E-03	8.386207E-03	8.309998E-03	8.218552E-03	8.083291E-03	7.931257E-03	8.256293E-03	8.150238E-03	8.099471E-03	8.036969E-03	7.924583E-03	7.774855E-03	8.066996E-03	7.964214E-03	7.921530E-03	7.887056E-03	7.803948E-03	7.690447E-03	7.512983E-03	7.798213E-03	7.734418E-03	7.657137E-03	7.548129E-03	7.421487E-03	7.724303E-03	7.629056E-03	7.575893E-03	7.489616E-03	7.370671E-03	7.219450E-03	7.500776E-03	7.396881E-03	7.289100E-03	7.156165E-03	6.889096E-03	7.108211E-03	6.919524E-03	6.987260E-03	6.807430E-03	6.697865E-03	6.441871E-03	6.205082E-03	5.959164E-03	5.708722E-03	5.223624E-03	4.585186E-03	3.742695E-03	2.643295E-03	1.578214E-03	7.374269E-04	

2.199567E-02	2.037409E-02	1.778755E-02	1.605453E-02	1.299889E-02	1.162458E-02	1.044796E-02	1.006541E-02	9.191861E-03	8.980731E-03	8.708743E-03	8.436319E-03	8.100365E-03	8.411791E-03	8.340169E-03	8.252170E-03	8.119446E-03	7.969186E-03	8.295295E-03	8.189930E-03	8.139512E-03	8.077017E-03	7.964157E-03	7.813638E-03	8.104462E-03	8.000428E-03	7.956416E-03	7.920579E-03	7.835460E-03	7.720042E-03	7.540206E-03	7.823225E-03	7.757235E-03	7.678037E-03	7.567398E-03	7.439319E-03	7.741717E-03	7.645428E-03	7.591424E-03	7.503884E-03	7.384014E-03	7.232080E-03	7.513830E-03	7.409559E-03	7.301479E-03	7.168438E-03	6.901248E-03	7.121714E-03	6.933345E-03	7.002482E-03	6.822978E-03	6.713760E-03	6.457499E-03	6.220392E-03	5.974064E-03	5.723144E-03	5.237016E-03	4.597091E-03	3.752505E-03	2.650251E-03	1.582355E-03	7.393500E-04	

2.161211E-02	2.001531E-02	1.747145E-02	1.577875E-02	1.279394E-02	1.148218E-02	1.034356E-02	9.997508E-03	9.168014E-03	8.986225E-03	8.732531E-03	8.472572E-03	8.144584E-03	8.463502E-03	8.396068E-03	8.311086E-03	8.180372E-03	8.031321E-03	8.359067E-03	8.253940E-03	8.203552E-03	8.140543E-03	8.026598E-03	7.874617E-03	8.164673E-03	8.058904E-03	8.013271E-03	7.975823E-03	7.888278E-03	7.770487E-03	7.587649E-03	7.868967E-03	7.800472E-03	7.719051E-03	7.606423E-03	7.476524E-03	7.779296E-03	7.681692E-03	7.626696E-03	7.537661E-03	7.416561E-03	7.263529E-03	7.546487E-03	7.441587E-03	7.332970E-03	7.199511E-03	6.931535E-03	7.153990E-03	6.965460E-03	7.036237E-03	6.856611E-03	6.747472E-03	6.490278E-03	6.252236E-03	6.004856E-03	5.752799E-03	5.264363E-03	4.621265E-03	3.772350E-03	2.664313E-03	1.590748E-03	7.432599E-04	

2.126327E-02	1.969062E-02	1.718743E-02	1.553461E-02	1.261860E-02	1.137063E-02	1.026945E-02	9.960955E-03	9.175347E-03	9.023262E-03	8.787455E-03	8.539341E-03	8.218401E-03	8.545314E-03	8.481592E-03	8.399112E-03	8.269777E-03	8.121260E-03	8.451214E-03	8.345779E-03	8.295021E-03	8.230832E-03	8.115047E-03	7.960791E-03	8.250603E-03	8.142505E-03	8.094873E-03	8.055488E-03	7.964994E-03	7.844266E-03	7.657666E-03	7.937959E-03	7.866634E-03	7.782667E-03	7.667666E-03	7.535530E-03	7.839570E-03	7.740356E-03	7.684210E-03	7.593435E-03	7.470773E-03	7.316217E-03	7.601254E-03	7.495443E-03	7.386019E-03	7.251782E-03	6.982259E-03	7.207346E-03	7.018067E-03	7.090637E-03	6.910313E-03	6.800896E-03	6.542002E-03	6.302322E-03	6.053165E-03	5.799236E-03	5.307072E-03	4.658938E-03	3.803235E-03	2.686193E-03	1.603822E-03	7.493579E-04	

2.095617E-02	1.940503E-02	1.693839E-02	1.532443E-02	1.247483E-02	1.129245E-02	1.022842E-02	9.958817E-03	9.217160E-03	9.095380E-03	8.877132E-03	8.640250E-03	8.325385E-03	8.660903E-03	8.600384E-03	8.519838E-03	8.391178E-03	8.242435E-03	8.575355E-03	8.469006E-03	8.417453E-03	8.351391E-03	8.232966E-03	8.075559E-03	8.365746E-03	8.254683E-03	8.204649E-03	8.162981E-03	8.068967E-03	7.944683E-03	7.753473E-03	8.033568E-03	7.959066E-03	7.872205E-03	7.754405E-03	7.619565E-03	7.925835E-03	7.824672E-03	7.767186E-03	7.674362E-03	7.549722E-03	7.393120E-03	7.681126E-03	7.574045E-03	7.463424E-03	7.327922E-03	7.055895E-03	7.284144E-03	7.093344E-03	7.167694E-03	6.985941E-03	6.875785E-03	6.614304E-03	6.372192E-03	6.120446E-03	5.863831E-03	5.366385E-03	4.711193E-03	3.846048E-03	2.716538E-03	1.621978E-03	7.578387E-04	

2.069181E-02	1.915972E-02	1.672590E-02	1.515043E-02	1.236580E-02	1.125168E-02	1.022485E-02	9.995908E-03	9.298536E-03	9.207842E-03	9.006814E-03	8.780467E-03	8.470559E-03	8.815334E-03	8.757408E-03	8.678121E-03	8.549308E-03	8.399454E-03	8.736021E-03	8.628030E-03	8.575140E-03	8.506296E-03	8.384216E-03	8.222580E-03	8.513726E-03	8.398905E-03	8.345948E-03	8.301545E-03	8.203292E-03	8.074692E-03	7.877854E-03	8.158614E-03	8.080504E-03	7.990330E-03	7.869237E-03	7.731157E-03	8.040740E-03	7.937256E-03	7.878230E-03	7.783032E-03	7.655964E-03	7.496741E-03	7.788657E-03	7.679908E-03	7.567646E-03	7.430310E-03	7.154662E-03	7.386719E-03	7.193567E-03	7.269761E-03	7.085838E-03	6.974441E-03	6.709409E-03	6.463983E-03	6.208741E-03	5.948526E-03	5.444050E-03	4.779534E-03	3.901993E-03	2.756181E-03	1.645710E-03	7.689321E-04	

2.047282E-02	1.895698E-02	1.655202E-02	1.501506E-02	1.229463E-02	1.125231E-02	1.026310E-02	1.007699E-02	9.424550E-03	9.365921E-03	9.181768E-03	8.965181E-03	8.658969E-03	9.013653E-03	8.957587E-03	8.878755E-03	8.748815E-03	8.596816E-03	8.937590E-03	8.827083E-03	8.772174E-03	8.699381E-03	8.572395E-03	8.405231E-03	8.697899E-03	8.578377E-03	8.521863E-03	8.474180E-03	8.370848E-03	8.237061E-03	8.033448E-03	8.315715E-03	8.233488E-03	8.139511E-03	8.014555E-03	7.872630E-03	8.186642E-03	8.080410E-03	8.019603E-03	7.921637E-03	7.791608E-03	7.629103E-03	7.926023E-03	7.815166E-03	7.700800E-03	7.561047E-03	7.280622E-03	7.517306E-03	7.320961E-03	7.399152E-03	7.212286E-03	7.099166E-03	6.829560E-03	6.579891E-03	6.320191E-03	6.055403E-03	5.542026E-03	4.865736E-03	3.972569E-03	2.806217E-03	1.675685E-03	7.829462E-04	

2.029466E-02	1.879311E-02	1.641428E-02	1.491679E-02	1.226111E-02	1.129438E-02	1.034342E-02	1.020156E-02	9.593895E-03	9.567899E-03	9.400076E-03	9.192382E-03	8.888605E-03	9.253848E-03	9.198937E-03	9.119810E-03	8.987841E-03	8.832744E-03	9.178302E-03	9.064468E-03	9.006905E-03	8.929113E-03	8.796102E-03	8.622245E-03	8.917257E-03	8.792226E-03	8.731662E-03	8.680292E-03	8.571214E-03	8.431517E-03	8.220147E-03	8.504936E-03	8.418194E-03	8.320030E-03	8.190741E-03	8.044453E-03	8.364445E-03	8.255123E-03	8.192402E-03	8.091516E-03	7.958245E-03	7.792025E-03	8.095421E-03	7.982199E-03	7.865597E-03	7.723075E-03	7.436907E-03	7.679555E-03	7.479367E-03	7.560180E-03	7.369764E-03	7.254608E-03	6.979378E-03	6.724467E-03	6.459245E-03	6.188782E-03	5.664317E-03	4.973320E-03	4.060599E-03	2.868546E-03	1.712961E-03	8.003542E-04	

2.013914E-02	1.865288E-02	1.630124E-02	1.484533E-02	1.225640E-02	1.136747E-02	1.045509E-02	1.035782E-02	9.794113E-03	9.800259E-03	9.647752E-03	9.447924E-03	9.145473E-03	9.521210E-03	9.466724E-03	9.386612E-03	9.251881E-03	9.092967E-03	9.443645E-03	9.325901E-03	9.265228E-03	9.181718E-03	9.041953E-03	8.860661E-03	9.158600E-03	9.027560E-03	8.962659E-03	8.907379E-03	8.792194E-03	8.646189E-03	8.426520E-03	8.714816E-03	8.623474E-03	8.521033E-03	8.387248E-03	8.236383E-03	8.563673E-03	8.451144E-03	8.386533E-03	8.282842E-03	8.146327E-03	7.976257E-03	8.287561E-03	8.171935E-03	8.053293E-03	7.908027E-03	7.615767E-03	7.865722E-03	7.661430E-03	7.745415E-03	7.550942E-03	7.433399E-03	7.151658E-03	6.890664E-03	6.619047E-03	6.342015E-03	5.804735E-03	5.096761E-03	4.161507E-03	2.939904E-03	1.755589E-03	8.202559E-04	

2.000492E-02	1.853553E-02	1.621289E-02	1.480098E-02	1.228115E-02	1.147207E-02	1.059852E-02	1.054623E-02	1.002568E-02	1.006333E-02	9.924994E-03	9.731870E-03	9.429522E-03	9.815467E-03	9.760543E-03	9.678636E-03	9.540310E-03	9.376772E-03	9.732907E-03	9.610628E-03	9.546360E-03	9.456384E-03	9.309113E-03	9.119631E-03	9.421089E-03	9.283548E-03	9.214041E-03	9.154647E-03	9.033027E-03	8.880354E-03	8.651893E-03	8.944741E-03	8.848769E-03	8.742012E-03	8.603610E-03	8.447990E-03	8.783786E-03	8.667955E-03	8.601485E-03	8.495080E-03	8.355269E-03	8.181153E-03	8.501370E-03	8.383209E-03	8.262469E-03	8.114213E-03	7.815161E-03	8.073399E-03	7.864538E-03	7.952207E-03	7.753321E-03	7.633236E-03	7.344306E-03	7.076583E-03	6.797867E-03	6.513530E-03	5.961966E-03	5.235031E-03	4.274574E-03	3.019878E-03	1.803365E-03	8.425518E-04	

1.989382E-02	1.844305E-02	1.615144E-02	1.478609E-02	1.233780E-02	1.161069E-02	1.077620E-02	1.076931E-02	1.029109E-02	1.035962E-02	1.023423E-02	1.004657E-02	9.743006E-03	1.013895E-02	1.008269E-02	9.998149E-03	9.855349E-03	9.686329E-03	1.004835E-02	9.920877E-03	9.852512E-03	9.755297E-03	9.599728E-03	9.401249E-03	9.706972E-03	9.562413E-03	9.488033E-03	9.424337E-03	9.295967E-03	9.136271E-03	8.898524E-03	9.197148E-03	9.096559E-03	8.985479E-03	8.842349E-03	8.681793E-03	9.027470E-03	8.908238E-03	8.839953E-03	8.730942E-03	8.587774E-03	8.409388E-03	8.739702E-03	8.618857E-03	8.495966E-03	8.344465E-03	8.037878E-03	8.305407E-03	8.091430E-03	8.183245E-03	7.979459E-03	7.856569E-03	7.559634E-03	7.284414E-03	6.997780E-03	6.705288E-03	6.137768E-03	5.389643E-03	4.401006E-03	3.109303E-03	1.856780E-03	8.674749E-04	

1.980622E-02	1.837629E-02	1.611824E-02	1.480228E-02	1.242827E-02	1.178526E-02	1.099011E-02	1.102906E-02	1.059225E-02	1.069100E-02	1.057729E-02	1.039378E-02	1.008760E-02	1.049335E-02	1.043483E-02	1.034676E-02	1.019855E-02	1.002314E-02	1.039155E-02	1.025819E-02	1.018520E-02	1.007996E-02	9.915278E-03	9.706971E-03	1.001780E-02	9.865703E-03	9.786193E-03	9.718020E-03	9.582600E-03	9.415529E-03	9.168001E-03	9.473742E-03	9.368571E-03	9.253174E-03	9.105207E-03	8.939527E-03	9.296551E-03	9.173815E-03	9.103760E-03	8.992250E-03	8.845651E-03	8.662739E-03	9.004534E-03	8.880852E-03	8.755795E-03	8.600828E-03	8.285983E-03	8.564053E-03	8.344463E-03	8.440984E-03	8.231770E-03	8.105773E-03	7.799916E-03	7.516333E-03	7.220864E-03	6.919271E-03	6.333938E-03	5.562157E-03	4.542064E-03	3.209059E-03	1.916357E-03	8.952680E-04	

1.974350E-02	1.833674E-02	1.611500E-02	1.485133E-02	1.255444E-02	1.199763E-02	1.124205E-02	1.132721E-02	1.093078E-02	1.105901E-02	1.095562E-02	1.077484E-02	1.046454E-02	1.087989E-02	1.081811E-02	1.072558E-02	1.057097E-02	1.038821E-02	1.076358E-02	1.062360E-02	1.054546E-02	1.043139E-02	1.025679E-02	1.003783E-02	1.035474E-02	1.019460E-02	1.010974E-02	1.003695E-02	9.894227E-03	9.719464E-03	9.461687E-03	9.776066E-03	9.666409E-03	9.546748E-03	9.393869E-03	9.222899E-03	9.592789E-03	9.466458E-03	9.394690E-03	9.280792E-03	9.130655E-03	8.942908E-03	9.297610E-03	9.170885E-03	9.043568E-03	8.884844E-03	8.560918E-03	8.850805E-03	8.625060E-03	8.726901E-03	8.511728E-03	8.382314E-03	8.066576E-03	7.773721E-03	7.468448E-03	7.156753E-03	6.551642E-03	5.753594E-03	4.698578E-03	3.319726E-03	1.982439E-03	9.260909E-04	

1.970570E-02	1.832497E-02	1.614284E-02	1.493458E-02	1.271783E-02	1.224928E-02	1.153350E-02	1.166523E-02	1.130806E-02	1.146498E-02	1.137045E-02	1.119091E-02	1.087491E-02	1.129971E-02	1.123368E-02	1.113572E-02	1.097371E-02	1.078262E-02	1.116564E-02	1.101832E-02	1.093450E-02	1.081085E-02	1.062554E-02	1.039509E-02	1.071918E-02	1.055050E-02	1.046010E-02	1.038259E-02	1.023233E-02	1.004958E-02	9.781105E-03	1.010581E-02	9.991812E-03	9.867981E-03	9.710136E-03	9.533721E-03	9.917907E-03	9.787885E-03	9.714448E-03	9.598193E-03	9.444289E-03	9.251256E-03	9.620319E-03	9.490238E-03	9.360418E-03	9.197526E-03	8.863563E-03	9.166575E-03	8.934130E-03	9.042092E-03	8.820531E-03	8.687484E-03	8.360923E-03	8.057894E-03	7.741837E-03	7.419017E-03	6.792102E-03	5.965068E-03	4.871487E-03	3.441989E-03	2.055437E-03	9.601306E-04	

1.969382E-02	1.834222E-02	1.620330E-02	1.505360E-02	1.292014E-02	1.254173E-02	1.186593E-02	1.204449E-02	1.172529E-02	1.190994E-02	1.182268E-02	1.164277E-02	1.131940E-02	1.175350E-02	1.168217E-02	1.157780E-02	1.140736E-02	1.120694E-02	1.159837E-02	1.144297E-02	1.135296E-02	1.121899E-02	1.102219E-02	1.077946E-02	1.111199E-02	1.093431E-02	1.083821E-02	1.075592E-02	1.059799E-02	1.040702E-02	1.012747E-02	1.046437E-02	1.034626E-02	1.021842E-02	1.005560E-02	9.873606E-03	1.027354E-02	1.013974E-02	1.006468E-02	9.946071E-03	9.788121E-03	9.589278E-03	9.974191E-03	9.840382E-03	9.707732E-03	9.540187E-03	9.195137E-03	9.512678E-03	9.272990E-03	9.387918E-03	9.159529E-03	9.022630E-03	8.684263E-03	8.370114E-03	8.042247E-03	7.707225E-03	7.056376E-03	6.197499E-03	5.061535E-03	3.576366E-03	2.135660E-03	9.975308E-04	

1.970907E-02	1.838990E-02	1.629802E-02	1.521004E-02	1.316298E-02	1.287649E-02	1.224079E-02	1.246631E-02	1.218356E-02	1.239485E-02	1.231314E-02	1.213113E-02	1.179859E-02	1.224184E-02	1.216411E-02	1.205232E-02	1.187236E-02	1.166156E-02	1.206226E-02	1.189803E-02	1.180129E-02	1.165630E-02	1.144728E-02	1.119147E-02	1.153386E-02	1.134675E-02	1.124487E-02	1.115781E-02	1.099214E-02	1.079279E-02	1.050187E-02	1.085301E-02	1.073110E-02	1.059946E-02	1.043170E-02	1.024402E-02	1.066137E-02	1.052372E-02	1.044711E-02	1.032624E-02	1.016400E-02	9.958846E-03	1.036120E-02	1.022329E-02	1.008750E-02	9.914809E-03	9.557576E-03	9.891016E-03	9.643441E-03	9.766199E-03	9.530497E-03	9.389482E-03	9.038254E-03	8.711974E-03	8.371203E-03	8.022842E-03	7.345807E-03	6.452074E-03	5.269700E-03	3.723554E-03	2.223525E-03	1.038486E-03	

1.975170E-02	1.846869E-02	1.642815E-02	1.540516E-02	1.344777E-02	1.325489E-02	1.265937E-02	1.293191E-02	1.268393E-02	1.292060E-02	1.284259E-02	1.265663E-02	1.231302E-02	1.276533E-02	1.268011E-02	1.255984E-02	1.236927E-02	1.214704E-02	1.255801E-02	1.238421E-02	1.228026E-02	1.212362E-02	1.190171E-02	1.163212E-02	1.198599E-02	1.178910E-02	1.168142E-02	1.158967E-02	1.141629E-02	1.120847E-02	1.090597E-02	1.127361E-02	1.114830E-02	1.101316E-02	1.084051E-02	1.064705E-02	1.108376E-02	1.094221E-02	1.086417E-02	1.074118E-02	1.057449E-02	1.036258E-02	1.078416E-02	1.064185E-02	1.050271E-02	1.032445E-02	9.953945E-03	1.030480E-02	1.004864E-02	1.017990E-02	9.936151E-03	9.790580E-03	9.425244E-03	9.085658E-03	8.730744E-03	8.367772E-03	7.662069E-03	6.730202E-03	5.497079E-03	3.884299E-03	2.319472E-03	1.083209E-03	

1.982342E-02	1.858028E-02	1.659539E-02	1.564052E-02	1.377595E-02	1.367810E-02	1.312274E-02	1.344219E-02	1.322707E-02	1.348770E-02	1.341138E-02	1.321950E-02	1.286285E-02	1.332417E-02	1.323036E-02	1.310060E-02	1.289832E-02	1.266361E-02	1.308602E-02	1.290194E-02	1.279033E-02	1.262154E-02	1.238616E-02	1.210217E-02	1.246931E-02	1.226236E-02	1.214895E-02	1.205268E-02	1.187171E-02	1.165542E-02	1.134120E-02	1.172770E-02	1.159944E-02	1.146107E-02	1.128359E-02	1.108423E-02	1.154242E-02	1.139688E-02	1.131752E-02	1.119257E-02	1.102128E-02	1.080215E-02	1.124480E-02	1.109776E-02	1.095504E-02	1.077074E-02	1.038584E-02	1.075560E-02	1.049006E-02	1.063054E-02	1.037799E-02	1.022739E-02	9.846644E-03	9.492526E-03	9.122181E-03	8.743273E-03	8.006328E-03	7.032917E-03	5.744535E-03	4.059219E-03	2.423873E-03	1.131873E-03	

1.992484E-02	1.872554E-02	1.680092E-02	1.591742E-02	1.414894E-02	1.414751E-02	1.363222E-02	1.399831E-02	1.381380E-02	1.409675E-02	1.401998E-02	1.382009E-02	1.344832E-02	1.391863E-02	1.381511E-02	1.367481E-02	1.345973E-02	1.321147E-02	1.364661E-02	1.345152E-02	1.333183E-02	1.315042E-02	1.290109E-02	1.260211E-02	1.298456E-02	1.276734E-02	1.264836E-02	1.254781E-02	1.235953E-02	1.213489E-02	1.180893E-02	1.221657E-02	1.208583E-02	1.194449E-02	1.176213E-02	1.155661E-02	1.203848E-02	1.188877E-02	1.180811E-02	1.168125E-02	1.150506E-02	1.127819E-02	1.174385E-02	1.159173E-02	1.144526E-02	1.125454E-02	1.085419E-02	1.124468E-02	1.096914E-02	1.111971E-02	1.085763E-02	1.070155E-02	1.030405E-02	9.934127E-03	9.547004E-03	9.150775E-03	8.379882E-03	7.361351E-03	6.012977E-03	4.248947E-03	2.537101E-03	1.184649E-03	

2.005712E-02	1.890571E-02	1.704618E-02	1.623725E-02	1.456821E-02	1.466440E-02	1.418897E-02	1.460125E-02	1.444482E-02	1.474827E-02	1.466875E-02	1.445862E-02	1.406955E-02	1.454898E-02	1.443465E-02	1.428279E-02	1.405381E-02	1.379096E-02	1.424030E-02	1.403355E-02	1.390539E-02	1.371106E-02	1.344738E-02	1.313297E-02	1.353302E-02	1.330540E-02	1.318111E-02	1.307666E-02	1.288145E-02	1.264867E-02	1.231109E-02	1.274164E-02	1.260875E-02	1.246441E-02	1.227681E-02	1.206453E-02	1.257200E-02	1.241763E-02	1.233541E-02	1.220620E-02	1.202449E-02	1.178905E-02	1.227955E-02	1.212191E-02	1.197141E-02	1.177389E-02	1.135717E-02	1.177062E-02	1.148475E-02	1.164698E-02	1.137503E-02	1.121329E-02	1.079785E-02	1.041095E-02	1.000577E-02	9.590879E-03	8.783371E-03	7.716139E-03	6.302975E-03	4.453910E-03	2.659404E-03	1.241636E-03	

2.022197E-02	1.912247E-02	1.733286E-02	1.660162E-02	1.503525E-02	1.523005E-02	1.479411E-02	1.525189E-02	1.512061E-02	1.544246E-02	1.535770E-02	1.513498E-02	1.472628E-02	1.521505E-02	1.508884E-02	1.492442E-02	1.468048E-02	1.440200E-02	1.486728E-02	1.464822E-02	1.451130E-02	1.430391E-02	1.402570E-02	1.369557E-02	1.411579E-02	1.387782E-02	1.374862E-02	1.364077E-02	1.343921E-02	1.319865E-02	1.284969E-02	1.330531E-02	1.317074E-02	1.302350E-02	1.283039E-02	1.261081E-02	1.314608E-02	1.298658E-02	1.290263E-02	1.277072E-02	1.258289E-02	1.233807E-02	1.285530E-02	1.269167E-02	1.253680E-02	1.233204E-02	1.189786E-02	1.233643E-02	1.203976E-02	1.221498E-02	1.193262E-02	1.176493E-02	1.133022E-02	1.092507E-02	1.050045E-02	1.006545E-02	9.218482E-03	8.098745E-03	6.615715E-03	4.674941E-03	2.791286E-03	1.303076E-03	

2.042655E-02	1.938254E-02	1.766710E-02	1.701637E-02	1.555538E-02	1.584955E-02	1.545236E-02	1.595483E-02	1.584536E-02	1.618348E-02	1.609090E-02	1.585312E-02	1.542237E-02	1.592098E-02	1.578184E-02	1.560389E-02	1.534390E-02	1.504876E-02	1.553210E-02	1.530012E-02	1.515419E-02	1.493376E-02	1.464095E-02	1.429490E-02	1.473824E-02	1.449004E-02	1.435645E-02	1.424579E-02	1.403854E-02	1.379059E-02	1.343047E-02	1.391387E-02	1.377820E-02	1.362823E-02	1.342936E-02	1.320194E-02	1.376746E-02	1.360238E-02	1.351649E-02	1.338152E-02	1.318692E-02	1.293180E-02	1.347790E-02	1.330772E-02	1.314804E-02	1.293542E-02	1.248244E-02	1.294830E-02	1.264006E-02	1.282941E-02	1.253580E-02	1.236162E-02	1.190605E-02	1.148111E-02	1.103543E-02	1.057867E-02	9.688988E-03	8.512445E-03	6.953848E-03	4.913905E-03	2.933862E-03	1.369498E-03	

2.067320E-02	1.968829E-02	1.805142E-02	1.748409E-02	1.613125E-02	1.652542E-02	1.616606E-02	1.671214E-02	1.662066E-02	1.697274E-02	1.686965E-02	1.661426E-02	1.615891E-02	1.666810E-02	1.651505E-02	1.632268E-02	1.604562E-02	1.573281E-02	1.623661E-02	1.599115E-02	1.583603E-02	1.560277E-02	1.529544E-02	1.493343E-02	1.540312E-02	1.514489E-02	1.500753E-02	1.489477E-02	1.468259E-02	1.442772E-02	1.405673E-02	1.457135E-02	1.443539E-02	1.428310E-02	1.407842E-02	1.384279E-02	1.444132E-02	1.427032E-02	1.418240E-02	1.404418E-02	1.384224E-02	1.357593E-02	1.415308E-02	1.397570E-02	1.381058E-02	1.358928E-02	1.311577E-02	1.361082E-02	1.328986E-02	1.349414E-02	1.318815E-02	1.300678E-02	1.252854E-02	1.208215E-02	1.161366E-02	1.113332E-02	1.019744E-02	8.959464E-03	7.319184E-03	5.172079E-03	3.087900E-03	1.441267E-03	

2.095872E-02	2.003704E-02	1.848396E-02	1.800338E-02	1.676201E-02	1.725655E-02	1.693387E-02	1.752210E-02	1.744429E-02	1.780765E-02	1.769117E-02	1.741548E-02	1.693295E-02	1.745351E-02	1.728563E-02	1.707800E-02	1.678293E-02	1.645155E-02	1.697840E-02	1.671900E-02	1.655462E-02	1.630898E-02	1.598751E-02	1.560977E-02	1.610898E-02	1.584115E-02	1.570077E-02	1.558668E-02	1.537039E-02	1.510907E-02	1.472745E-02	1.527686E-02	1.514137E-02	1.498715E-02	1.477663E-02	1.453245E-02	1.516679E-02	1.498954E-02	1.489956E-02	1.475797E-02	1.454822E-02	1.426993E-02	1.488042E-02	1.469531E-02	1.452430E-02	1.429362E-02	1.379800E-02	1.432411E-02	1.398928E-02	1.420905E-02	1.388936E-02	1.369999E-02	1.319721E-02	1.272762E-02	1.223452E-02	1.172881E-02	1.074321E-02	9.439216E-03	7.711216E-03	5.449094E-03	3.253183E-03	1.518290E-03	

2.128582E-02	2.043154E-02	1.896767E-02	1.857719E-02	1.745047E-02	1.804521E-02	1.775755E-02	1.838610E-02	1.831707E-02	1.868889E-02	1.855606E-02	1.825736E-02	1.774500E-02	1.827795E-02	1.809441E-02	1.787078E-02	1.755685E-02	1.720607E-02	1.775909E-02	1.748539E-02	1.731186E-02	1.705466E-02	1.671979E-02	1.632687E-02	1.685822E-02	1.658134E-02	1.643866E-02	1.632388E-02	1.610391E-02	1.583614E-02	1.544339E-02	1.603064E-02	1.589578E-02	1.573947E-02	1.552262E-02	1.526919E-02	1.594202E-02	1.575805E-02	1.566582E-02	1.552066E-02	1.530267E-02	1.501167E-02	1.565802E-02	1.546477E-02	1.528775E-02	1.504732E-02	1.452836E-02	1.508816E-02	1.473868E-02	1.497529E-02	1.464098E-02	1.444303E-02	1.391393E-02	1.341947E-02	1.289999E-02	1.236705E-02	1.132815E-02	9.953384E-03	8.131351E-03	5.745947E-03	3.430287E-03	1.600815E-03	

2.165789E-02	2.087529E-02	1.950625E-02	1.920940E-02	1.820039E-02	1.889475E-02	1.863999E-02	1.930664E-02	1.924081E-02	1.961810E-02	1.946585E-02	1.914134E-02	1.859641E-02	1.914315E-02	1.894324E-02	1.870301E-02	1.836950E-02	1.799860E-02	1.858138E-02	1.829316E-02	1.811070E-02	1.784313E-02	1.749592E-02	1.708866E-02	1.765364E-02	1.736827E-02	1.722382E-02	1.710861E-02	1.688464E-02	1.660959E-02	1.620402E-02	1.683117E-02	1.669606E-02	1.653669E-02	1.631237E-02	1.604850E-02	1.676229E-02	1.657093E-02	1.647615E-02	1.632714E-02	1.610057E-02	1.579635E-02	1.648150E-02	1.627998E-02	1.609749E-02	1.584751E-02	1.530469E-02	1.590191E-02	1.553768E-02	1.579337E-02	1.544397E-02	1.523717E-02	1.468014E-02	1.415921E-02	1.361159E-02	1.304961E-02	1.195378E-02	1.050337E-02	8.580785E-03	6.063503E-03	3.619721E-03	1.689055E-03	

2.207943E-02	2.137294E-02	2.010451E-02	1.990488E-02	1.901629E-02	1.980909E-02	1.958442E-02	2.028664E-02	2.021790E-02	2.059754E-02	2.042275E-02	2.006957E-02	1.948928E-02	2.005159E-02	1.983474E-02	1.957747E-02	1.922378E-02	1.883218E-02	1.944876E-02	1.914591E-02	1.895492E-02	1.867848E-02	1.832028E-02	1.789978E-02	1.850090E-02	1.820788E-02	1.806252E-02	1.794747E-02	1.771966E-02	1.743687E-02	1.701723E-02	1.768703E-02	1.755113E-02	1.738791E-02	1.715506E-02	1.687958E-02	1.763701E-02	1.743749E-02	1.733977E-02	1.718644E-02	1.695072E-02	1.663247E-02	1.735932E-02	1.714916E-02	1.696133E-02	1.670159E-02	1.613382E-02	1.677175E-02	1.639214E-02	1.666862E-02	1.630319E-02	1.608697E-02	1.550005E-02	1.495079E-02	1.437306E-02	1.377999E-02	1.262322E-02	1.109184E-02	9.061641E-03	6.403232E-03	3.822359E-03	1.783435E-03	

2.255611E-02	2.193035E-02	2.076856E-02	2.066979E-02	1.990372E-02	2.079292E-02	2.059474E-02	2.132967E-02	2.125127E-02	2.163016E-02	2.142971E-02	2.104505E-02	2.042654E-02	2.100665E-02	2.077243E-02	2.049784E-02	2.012353E-02	1.971079E-02	2.036590E-02	2.004848E-02	1.984953E-02	1.956619E-02	1.919876E-02	1.876646E-02	1.940752E-02	1.910800E-02	1.896299E-02	1.884916E-02	1.861822E-02	1.832772E-02	1.789324E-02	1.860920E-02	1.847230E-02	1.830464E-02	1.806230E-02	1.777399E-02	1.857783E-02	1.836924E-02	1.826803E-02	1.810953E-02	1.786366E-02	1.753014E-02	1.830138E-02	1.808184E-02	1.788808E-02	1.761777E-02	1.702310E-02	1.770443E-02	1.730817E-02	1.760666E-02	1.722389E-02	1.699747E-02	1.637848E-02	1.579884E-02	1.518883E-02	1.456244E-02	1.334038E-02	1.172226E-02	9.576781E-03	6.767196E-03	4.039465E-03	1.884561E-03	

2.309564E-02	2.255547E-02	2.150647E-02	2.151227E-02	2.087017E-02	2.185312E-02	2.167702E-02	2.244153E-02	2.234611E-02	2.272109E-02	2.249181E-02	2.207271E-02	2.141295E-02	2.201368E-02	2.176184E-02	2.146984E-02	2.107463E-02	2.064048E-02	2.133952E-02	2.100774E-02	2.080163E-02	2.051376E-02	2.013922E-02	1.969682E-02	2.038306E-02	2.007847E-02	1.993549E-02	1.982435E-02	1.959160E-02	1.929390E-02	1.884437E-02	1.961090E-02	1.947321E-02	1.930080E-02	1.904810E-02	1.874576E-02	1.959911E-02	1.938040E-02	1.927505E-02	1.911025E-02	1.885284E-02	1.850235E-02	1.932069E-02	1.909062E-02	1.888972E-02	1.860737E-02	1.798300E-02	1.870968E-02	1.829468E-02	1.861557E-02	1.821345E-02	1.797560E-02	1.732187E-02	1.670941E-02	1.606460E-02	1.540235E-02	1.411008E-02	1.239877E-02	1.012954E-02	7.157733E-03	4.272447E-03	1.993115E-03	

2.370805E-02	2.325873E-02	2.232897E-02	2.244309E-02	2.192543E-02	2.299862E-02	2.283923E-02	2.363007E-02	2.350975E-02	2.387776E-02	2.361641E-02	2.315985E-02	2.245563E-02	2.308069E-02	2.281118E-02	2.250198E-02	2.208590E-02	2.163032E-02	2.237857E-02	2.203280E-02	2.182038E-02	2.153030E-02	2.115043E-02	2.069917E-02	2.143618E-02	2.112757E-02	2.098803E-02	2.088085E-02	2.064729E-02	2.034259E-02	1.987745E-02	2.069920E-02	2.056081E-02	2.038328E-02	2.011932E-02	1.980171E-02	2.070808E-02	2.047824E-02	2.036814E-02	2.019599E-02	1.992572E-02	1.955653E-02	2.042512E-02	2.018336E-02	1.997412E-02	1.967824E-02	1.902113E-02	1.979559E-02	1.935965E-02	1.970358E-02	1.928000E-02	1.902943E-02	1.833805E-02	1.769007E-02	1.700767E-02	1.630671E-02	1.493875E-02	1.312705E-02	1.072454E-02	7.578098E-03	4.523240E-03	2.109996E-03	

2.440741E-02	2.405466E-02	2.325074E-02	2.347697E-02	2.308303E-02	2.424223E-02	2.409310E-02	2.490702E-02	2.475338E-02	2.511155E-02	2.481490E-02	2.431779E-02	2.356564E-02	2.421980E-02	2.393288E-02	2.360703E-02	2.317041E-02	2.269369E-02	2.349412E-02	2.313463E-02	2.291635E-02	2.262470E-02	2.223907E-02	2.177776E-02	2.256956E-02	2.225596E-02	2.211956E-02	2.201605E-02	2.178079E-02	2.146780E-02	2.098505E-02	2.186636E-02	2.172706E-02	2.154413E-02	2.126825E-02	2.093449E-02	2.189847E-02	2.165699E-02	2.154214E-02	2.136292E-02	2.107951E-02	2.069088E-02	2.161431E-02	2.136047E-02	2.114309E-02	2.083323E-02	2.014135E-02	2.096792E-02	2.050958E-02	2.087861E-02	2.043191E-02	2.016765E-02	1.943561E-02	1.874930E-02	1.802631E-02	1.728357E-02	1.583386E-02	1.391373E-02	1.136728E-02	8.032192E-03	4.794150E-03	2.236241E-03	

2.524687E-02	2.499533E-02	2.432179E-02	2.466458E-02	2.439297E-02	2.563730E-02	2.549209E-02	2.632859E-02	2.613406E-02	2.648137E-02	2.614616E-02	2.560468E-02	2.479966E-02	2.549055E-02	2.518639E-02	2.484443E-02	2.438731E-02	2.388933E-02	2.474455E-02	2.437102E-02	2.414670E-02	2.385234E-02	2.345788E-02	2.298229E-02	2.383304E-02	2.351102E-02	2.337558E-02	2.327376E-02	2.303366E-02	2.270896E-02	2.220416E-02	2.315080E-02	2.300965E-02	2.282065E-02	2.253174E-02	2.218055E-02	2.320966E-02	2.295598E-02	2.283671E-02	2.265144E-02	2.235503E-02	2.194627E-02	2.293244E-02	2.266629E-02	2.244183E-02	2.211787E-02	2.138875E-02	2.227541E-02	2.179307E-02	2.219126E-02	2.171923E-02	2.143994E-02	2.066260E-02	1.993351E-02	1.916520E-02	1.837575E-02	1.683467E-02	1.479330E-02	1.208586E-02	8.539818E-03	5.096936E-03	2.377300E-03	

2.624016E-02	2.609668E-02	2.556032E-02	2.602487E-02	2.587338E-02	2.720052E-02	2.705128E-02	2.790929E-02	2.766491E-02	2.799970E-02	2.762204E-02	2.703176E-02	2.616828E-02	2.690502E-02	2.658420E-02	2.622724E-02	2.575033E-02	2.523166E-02	2.614630E-02	2.575909E-02	2.552929E-02	2.523259E-02	2.482746E-02	2.433429E-02	2.524981E-02	2.491645E-02	2.478032E-02	2.467862E-02	2.443078E-02	2.409095E-02	2.355938E-02	2.457734E-02	2.443289E-02	2.423654E-02	2.393284E-02	2.356226E-02	2.466407E-02	2.439705E-02	2.427318E-02	2.408199E-02	2.377183E-02	2.334140E-02	2.439815E-02	2.411883E-02	2.388735E-02	2.354837E-02	2.277834E-02	2.373261E-02	2.322377E-02	2.365486E-02	2.315475E-02	2.285884E-02	2.203105E-02	2.125432E-02	2.043551E-02	1.959402E-02	1.795106E-02	1.577449E-02	1.288752E-02	9.106145E-03	5.434732E-03	2.534654E-03	

2.742442E-02	2.739778E-02	2.700681E-02	2.759916E-02	2.756406E-02	2.897134E-02	2.880842E-02	2.968712E-02	2.938259E-02	2.970323E-02	2.927855E-02	2.863418E-02	2.770544E-02	2.850020E-02	2.816380E-02	2.779380E-02	2.729853E-02	2.676050E-02	2.774403E-02	2.734443E-02	2.711096E-02	2.681516E-02	2.639992E-02	2.588776E-02	2.687728E-02	2.653080E-02	2.639338E-02	2.629111E-02	2.603324E-02	2.567489E-02	2.511119E-02	2.620728E-02	2.605697E-02	2.585063E-02	2.552883E-02	2.513524E-02	2.631789E-02	2.603500E-02	2.590518E-02	2.570611E-02	2.537942E-02	2.492375E-02	2.605931E-02	2.576449E-02	2.552403E-02	2.516723E-02	2.435004E-02	2.537933E-02	2.483981E-02	2.530700E-02	2.477471E-02	2.445972E-02	2.357482E-02	2.274423E-02	2.186838E-02	2.096812E-02	1.921020E-02	1.688109E-02	1.379161E-02	9.744833E-03	5.815714E-03	2.712157E-03	

2.887518E-02	2.897638E-02	2.874031E-02	2.946837E-02	2.954461E-02	3.103113E-02	3.084299E-02	3.174312E-02	3.136634E-02	3.167175E-02	3.119425E-02	3.048881E-02	2.948559E-02	3.035527E-02	3.000471E-02	2.962421E-02	2.911237E-02	2.855649E-02	2.962460E-02	2.921435E-02	2.898002E-02	2.869084E-02	2.826775E-02	2.773612E-02	2.881376E-02	2.845276E-02	2.831418E-02	2.821123E-02	2.794108E-02	2.756013E-02	2.695732E-02	2.814103E-02	2.798104E-02	2.776049E-02	2.741535E-02	2.699295E-02	2.826702E-02	2.796394E-02	2.782554E-02	2.761434E-02	2.726593E-02	2.677880E-02	2.800357E-02	2.768908E-02	2.743533E-02	2.705562E-02	2.618115E-02	2.729418E-02	2.671715E-02	2.722373E-02	2.665288E-02	2.631502E-02	2.536352E-02	2.447025E-02	2.352813E-02	2.255967E-02	2.066843E-02	1.816257E-02	1.483855E-02	1.048448E-02	6.256995E-03	2.917830E-03	

3.072395E-02	3.096784E-02	3.089864E-02	3.177433E-02	3.195611E-02	3.352537E-02	3.329797E-02	3.422346E-02	3.375954E-02	3.404960E-02	3.351111E-02	3.273438E-02	3.164293E-02	3.260852E-02	3.224376E-02	3.185369E-02	3.132489E-02	3.075030E-02	3.192444E-02	3.150369E-02	3.127052E-02	3.099297E-02	3.056281E-02	3.000916E-02	3.119456E-02	3.081621E-02	3.067620E-02	3.057220E-02	3.028651E-02	2.987732E-02	2.922584E-02	3.051233E-02	3.033819E-02	3.009822E-02	2.972292E-02	2.926394E-02	3.064604E-02	3.031703E-02	3.016675E-02	2.993814E-02	2.956111E-02	2.903393E-02	3.036409E-02	3.002421E-02	2.975156E-02	2.934196E-02	2.839590E-02	2.960664E-02	2.898252E-02	2.953412E-02	2.891565E-02	2.854957E-02	2.751746E-02	2.654847E-02	2.552641E-02	2.447573E-02	2.242390E-02	1.970521E-02	1.609884E-02	1.137490E-02	6.788327E-03	3.165552E-03	

3.302896E-02	3.342322E-02	3.352159E-02	3.454908E-02	3.481834E-02	3.647042E-02	3.618746E-02	3.714324E-02	3.657842E-02	3.685581E-02	3.625007E-02	3.539348E-02	3.420111E-02	3.527624E-02	3.489379E-02	3.449011E-02	3.393838E-02	3.333840E-02	3.463674E-02	3.420093E-02	3.396699E-02	3.369950E-02	3.325815E-02	3.267629E-02	3.398906E-02	3.358964E-02	3.344792E-02	3.334295E-02	3.303974E-02	3.259825E-02	3.189085E-02	3.330135E-02	3.311269E-02	3.285181E-02	3.244272E-02	3.194218E-02	3.345389E-02	3.309554E-02	3.293244E-02	3.268521E-02	3.227580E-02	3.170230E-02	3.315823E-02	3.278893E-02	3.249477E-02	3.205027E-02	3.101982E-02	3.234646E-02	3.166654E-02	3.227170E-02	3.159690E-02	3.119736E-02	3.006978E-02	2.901105E-02	2.789426E-02	2.674616E-02	2.450403E-02	2.153311E-02	1.759215E-02	1.242993E-02	7.417837E-03	3.459027E-03	

3.667870E-02	3.725992E-02	3.755561E-02	3.878755E-02	3.916076E-02	4.095646E-02	4.059995E-02	4.162229E-02	4.092815E-02	4.120460E-02	4.050721E-02	3.953693E-02	3.819580E-02	3.941739E-02	3.899827E-02	3.855945E-02	3.795645E-02	3.730038E-02	3.877498E-02	3.830156E-02	3.805359E-02	3.777917E-02	3.730373E-02	3.666598E-02	3.816337E-02	3.772597E-02	3.757754E-02	3.746859E-02	3.713767E-02	3.664807E-02	3.585865E-02	3.746073E-02	3.725527E-02	3.696776E-02	3.651223E-02	3.595313E-02	3.766443E-02	3.726503E-02	3.708554E-02	3.681498E-02	3.636033E-02	3.571962E-02	3.736805E-02	3.695607E-02	3.663198E-02	3.613645E-02	3.498023E-02	3.648429E-02	3.572121E-02	3.640861E-02	3.564932E-02	3.519974E-02	3.392810E-02	3.273393E-02	3.147407E-02	3.017878E-02	2.764905E-02	2.429689E-02	1.985008E-02	1.402515E-02	8.369628E-03	3.902691E-03	

4.303509E-02	4.387092E-02	4.441762E-02	4.595860E-02	4.647181E-02	4.853744E-02	4.807490E-02	4.923787E-02	4.835878E-02	4.866033E-02	4.782405E-02	4.667461E-02	4.509108E-02	4.654623E-02	4.605885E-02	4.554904E-02	4.484514E-02	4.407837E-02	4.584042E-02	4.528937E-02	4.500516E-02	4.469718E-02	4.414661E-02	4.340033E-02	4.519901E-02	4.468969E-02	4.452392E-02	4.440388E-02	4.402241E-02	4.344998E-02	4.252201E-02	4.444739E-02	4.421577E-02	4.388558E-02	4.335404E-02	4.269830E-02	4.474782E-02	4.428079E-02	4.407516E-02	4.376746E-02	4.323815E-02	4.248527E-02	4.445911E-02	4.397584E-02	4.360210E-02	4.302098E-02	4.165323E-02	4.345698E-02	4.255411E-02	4.338021E-02	4.247859E-02	4.194462E-02	4.043016E-02	3.900766E-02	3.750665E-02	3.596327E-02	3.294879E-02	2.895409E-02	2.365477E-02	1.671306E-02	9.973313E-03	4.650212E-03	

5.482055E-02	5.603561E-02	5.693342E-02	5.899819E-02	5.974267E-02	6.235223E-02	6.173233E-02	6.319544E-02	6.203086E-02	6.242359E-02	6.136234E-02	5.991158E-02	5.790543E-02	5.979926E-02	5.919496E-02	5.855790E-02	5.766814E-02	5.669460E-02	5.898357E-02	5.828436E-02	5.792790E-02	5.754683E-02	5.684697E-02	5.589034E-02	5.823074E-02	5.758008E-02	5.737389E-02	5.722573E-02	5.674199E-02	5.600996E-02	5.481966E-02	5.732787E-02	5.704130E-02	5.662685E-02	5.595093E-02	5.511360E-02	5.777831E-02	5.718377E-02	5.692697E-02	5.654542E-02	5.587444E-02	5.491188E-02	5.747811E-02	5.686120E-02	5.639147E-02	5.564975E-02	5.389038E-02	5.623877E-02	5.507727E-02	5.615488E-02	5.499141E-02	5.430236E-02	5.234282E-02	5.050192E-02	4.855906E-02	4.656117E-02	4.265864E-02	3.748684E-02	3.062575E-02	2.163808E-02	1.291190E-02	6.020074E-03	

7.406108E-02	7.576201E-02	7.706843E-02	7.990159E-02	8.095699E-02	8.447769E-02	8.364090E-02	8.563557E-02	8.407646E-02	8.469886E-02	8.333679E-02	8.146672E-02	7.883770E-02	8.149441E-02	8.074073E-02	7.992761E-02	7.875847E-02	7.746455E-02	8.062642E-02	7.969262E-02	7.922238E-02	7.872486E-02	7.777803E-02	7.647036E-02	7.968560E-02	7.879430E-02	7.851200E-02	7.830768E-02	7.764335E-02	7.663863E-02	7.500623E-02	7.844864E-02	7.805960E-02	7.749679E-02	7.657633E-02	7.543503E-02	7.909545E-02	7.828711E-02	7.794168E-02	7.743100E-02	7.652199E-02	7.521193E-02	7.873871E-02	7.789997E-02	7.726726E-02	7.625892E-02	7.385600E-02	7.708561E-02	7.549883E-02	7.698263E-02	7.539056E-02	7.444763E-02	7.176203E-02	6.923872E-02	6.657543E-02	6.383652E-02	5.848632E-02	5.139575E-02	4.198894E-02	2.966637E-02	1.770229E-02	8.253327E-03	

9.896347E-02	1.011027E-01	1.027046E-01	1.063994E-01	1.077533E-01	1.124672E-01	1.114039E-01	1.141440E-01	1.121778E-01	1.132431E-01	1.116139E-01	1.093412E-01	1.060370E-01	1.097875E-01	1.089281E-01	1.079548E-01	1.064755E-01	1.048040E-01	1.091359E-01	1.079160E-01	1.073107E-01	1.066760E-01	1.054080E-01	1.036334E-01	1.079808E-01	1.067614E-01	1.063652E-01	1.060721E-01	1.051510E-01	1.037711E-01	1.015392E-01	1.061780E-01	1.056362E-01	1.048637E-01	1.036111E-01	1.020619E-01	1.070129E-01	1.059176E-01	1.054499E-01	1.047598E-01	1.035316E-01	1.017613E-01	1.065369E-01	1.054042E-01	1.045519E-01	1.031906E-01	9.994239E-02	1.043161E-01	1.021706E-01	1.041818E-01	1.020289E-01	1.007537E-01	9.711971E-02	9.370518E-02	9.010109E-02	8.639459E-02	7.915408E-02	6.955809E-02	5.682726E-02	4.015011E-02	2.395803E-02	1.116987E-02	

1.236921E-01	1.261707E-01	1.279283E-01	1.323381E-01	1.338142E-01	1.396052E-01	1.383028E-01	1.417804E-01	1.394468E-01	1.410488E-01	1.392491E-01	1.366937E-01	1.328334E-01	1.377706E-01	1.368908E-01	1.358264E-01	1.340930E-01	1.320881E-01	1.376333E-01	1.361550E-01	1.354370E-01	1.346994E-01	1.331297E-01	1.308970E-01	1.363906E-01	1.348454E-01	1.343366E-01	1.339543E-01	1.327754E-01	1.310181E-01	1.281836E-01	1.340227E-01	1.333268E-01	1.323436E-01	1.307573E-01	1.287988E-01	1.350455E-01	1.336625E-01	1.330722E-01	1.322025E-01	1.306540E-01	1.284219E-01	1.344512E-01	1.330234E-01	1.319502E-01	1.302341E-01	1.261365E-01	1.316585E-01	1.289514E-01	1.314921E-01	1.287761E-01	1.271673E-01	1.225811E-01	1.182717E-01	1.137230E-01	1.090450E-01	9.990645E-02	8.779479E-02	7.172631E-02	5.067673E-02	3.023932E-02	1.409830E-02	

1.429589E-01	1.457171E-01	1.475740E-01	1.524151E-01	1.537625E-01	1.601879E-01	1.586194E-01	1.626113E-01	1.599527E-01	1.619607E-01	1.600396E-01	1.572855E-01	1.530196E-01	1.589178E-01	1.580568E-01	1.569533E-01	1.550516E-01	1.528147E-01	1.593497E-01	1.576970E-01	1.569193E-01	1.561530E-01	1.543910E-01	1.518372E-01	1.582714E-01	1.565019E-01	1.559338E-01	1.555081E-01	1.541625E-01	1.521402E-01	1.488679E-01	1.556922E-01	1.549073E-01	1.537853E-01	1.519592E-01	1.496978E-01	1.569822E-01	1.553867E-01	1.547121E-01	1.537212E-01	1.519359E-01	1.493520E-01	1.563792E-01	1.547268E-01	1.534915E-01	1.515042E-01	1.467459E-01	1.531822E-01	1.500379E-01	1.530004E-01	1.498428E-01	1.479726E-01	1.426369E-01	1.376231E-01	1.323305E-01	1.268873E-01	1.162538E-01	1.021605E-01	8.346270E-02	5.896862E-02	3.518684E-02	1.640467E-02	

1.556382E-01	1.586200E-01	1.605349E-01	1.655260E-01	1.665179E-01	1.731145E-01	1.712558E-01	1.754864E-01	1.725210E-01	1.746953E-01	1.726417E-01	1.697117E-01	1.651509E-01	1.716592E-01	1.708094E-01	1.696869E-01	1.676891E-01	1.653193E-01	1.725285E-01	1.707891E-01	1.700027E-01	1.692763E-01	1.674446E-01	1.647345E-01	1.718348E-01	1.699652E-01	1.694012E-01	1.689873E-01	1.675869E-01	1.654392E-01	1.619359E-01	1.694636E-01	1.686685E-01	1.674962E-01	1.655472E-01	1.631163E-01	1.711048E-01	1.693912E-01	1.686799E-01	1.676394E-01	1.657224E-01	1.629267E-01	1.706219E-01	1.688344E-01	1.675113E-01	1.653596E-01	1.601823E-01	1.672312E-01	1.638089E-01	1.670556E-01	1.636131E-01	1.615741E-01	1.557495E-01	1.502756E-01	1.444971E-01	1.385537E-01	1.269427E-01	1.115536E-01	9.113630E-02	6.438954E-02	3.842075E-02	1.791177E-02	

1.619868E-01	1.651912E-01	1.672141E-01	1.722040E-01	1.727915E-01	1.792456E-01	1.771134E-01	1.813475E-01	1.780944E-01	1.802346E-01	1.780531E-01	1.750009E-01	1.702816E-01	1.770886E-01	1.762567E-01	1.751417E-01	1.731178E-01	1.707054E-01	1.782750E-01	1.765189E-01	1.757558E-01	1.751002E-01	1.732801E-01	1.705348E-01	1.780035E-01	1.761192E-01	1.755889E-01	1.752098E-01	1.738215E-01	1.716460E-01	1.680678E-01	1.759838E-01	1.752174E-01	1.740484E-01	1.720621E-01	1.695676E-01	1.779210E-01	1.761637E-01	1.754467E-01	1.744025E-01	1.724363E-01	1.695485E-01	1.775840E-01	1.757380E-01	1.743839E-01	1.721599E-01	1.667848E-01	1.741467E-01	1.705928E-01	1.739859E-01	1.704057E-01	1.682851E-01	1.622200E-01	1.565197E-01	1.505016E-01	1.443116E-01	1.322183E-01	1.161895E-01	9.492342E-02	6.706453E-02	4.001613E-02	1.865497E-02	

1.640465E-01	1.675814E-01	1.698991E-01	1.749147E-01	1.752317E-01	1.814350E-01	1.790737E-01	1.832102E-01	1.797461E-01	1.818009E-01	1.795397E-01	1.764283E-01	1.716501E-01	1.785636E-01	1.777464E-01	1.766433E-01	1.746206E-01	1.722039E-01	1.799187E-01	1.781693E-01	1.774282E-01	1.768232E-01	1.750300E-01	1.722926E-01	1.799148E-01	1.780432E-01	1.775416E-01	1.771908E-01	1.758284E-01	1.736625E-01	1.700802E-01	1.781625E-01	1.774277E-01	1.762780E-01	1.742936E-01	1.717892E-01	1.802866E-01	1.785231E-01	1.778127E-01	1.767812E-01	1.748080E-01	1.718954E-01	1.800608E-01	1.781990E-01	1.768419E-01	1.745973E-01	1.691563E-01	1.766364E-01	1.730376E-01	1.764871E-01	1.728586E-01	1.707095E-01	1.645580E-01	1.587762E-01	1.526717E-01	1.463927E-01	1.341253E-01	1.178654E-01	9.629240E-02	6.803135E-02	4.059253E-02	1.892329E-02	

1.626637E-01	1.664958E-01	1.690565E-01	1.739321E-01	1.738297E-01	1.795327E-01	1.769216E-01	1.808899E-01	1.774169E-01	1.795038E-01	1.773418E-01	1.743267E-01	1.696475E-01	1.765059E-01	1.757133E-01	1.746316E-01	1.726337E-01	1.702433E-01	1.778771E-01	1.761453E-01	1.754096E-01	1.748052E-01	1.730255E-01	1.703129E-01	1.778481E-01	1.759939E-01	1.754965E-01	1.751491E-01	1.738026E-01	1.716628E-01	1.681246E-01	1.761244E-01	1.754045E-01	1.742742E-01	1.723178E-01	1.698465E-01	1.782557E-01	1.765162E-01	1.758176E-01	1.748041E-01	1.728580E-01	1.699818E-01	1.780614E-01	1.762230E-01	1.748854E-01	1.726686E-01	1.672907E-01	1.746919E-01	1.711344E-01	1.745482E-01	1.709606E-01	1.688360E-01	1.627525E-01	1.570344E-01	1.509973E-01	1.447873E-01	1.326547E-01	1.165733E-01	9.523703E-02	6.728583E-02	4.014768E-02	1.871583E-02	

1.636913E-01	1.676226E-01	1.701449E-01	1.747737E-01	1.740801E-01	1.792951E-01	1.763841E-01	1.802902E-01	1.769645E-01	1.793191E-01	1.773958E-01	1.745542E-01	1.699910E-01	1.768578E-01	1.760732E-01	1.749835E-01	1.729631E-01	1.705450E-01	1.781142E-01	1.763472E-01	1.755691E-01	1.748811E-01	1.730307E-01	1.702592E-01	1.777031E-01	1.758012E-01	1.752592E-01	1.748723E-01	1.734784E-01	1.713043E-01	1.677350E-01	1.756579E-01	1.749070E-01	1.737552E-01	1.717858E-01	1.693074E-01	1.776685E-01	1.759244E-01	1.752186E-01	1.741932E-01	1.722429E-01	1.693689E-01	1.774061E-01	1.755687E-01	1.742256E-01	1.720099E-01	1.666453E-01	1.740033E-01	1.704531E-01	1.738414E-01	1.702623E-01	1.681413E-01	1.620800E-01	1.563833E-01	1.503696E-01	1.441842E-01	1.321005E-01	1.160851E-01	9.483720E-02	6.700295E-02	3.997906E-02	1.863761E-02	

1.629622E-01	1.668091E-01	1.690210E-01	1.731342E-01	1.715265E-01	1.759433E-01	1.726322E-01	1.762658E-01	1.729885E-01	1.754561E-01	1.737501E-01	1.711076E-01	1.667391E-01	1.734569E-01	1.726913E-01	1.716133E-01	1.696119E-01	1.672162E-01	1.745544E-01	1.727884E-01	1.719832E-01	1.712235E-01	1.693398E-01	1.665667E-01	1.737557E-01	1.718454E-01	1.712681E-01	1.708481E-01	1.694342E-01	1.672701E-01	1.637435E-01	1.714153E-01	1.706472E-01	1.694964E-01	1.675546E-01	1.651210E-01	1.732500E-01	1.715377E-01	1.708385E-01	1.698208E-01	1.679063E-01	1.650952E-01	1.729162E-01	1.711188E-01	1.697987E-01	1.676315E-01	1.623962E-01	1.695542E-01	1.660892E-01	1.693833E-01	1.658926E-01	1.638228E-01	1.579156E-01	1.523640E-01	1.465038E-01	1.404768E-01	1.287029E-01	1.130985E-01	9.239669E-02	6.527843E-02	3.895018E-02	1.815824E-02	

1.559046E-01	1.591499E-01	1.603629E-01	1.632503E-01	1.599696E-01	1.627431E-01	1.588209E-01	1.615443E-01	1.579581E-01	1.599519E-01	1.583058E-01	1.558737E-01	1.518983E-01	1.579610E-01	1.572429E-01	1.562393E-01	1.543945E-01	1.521892E-01	1.588091E-01	1.571754E-01	1.564127E-01	1.556615E-01	1.538991E-01	1.513363E-01	1.578058E-01	1.560367E-01	1.554803E-01	1.550706E-01	1.537524E-01	1.517617E-01	1.485343E-01	1.554532E-01	1.547340E-01	1.536733E-01	1.518996E-01	1.496831E-01	1.570374E-01	1.554783E-01	1.548381E-01	1.539052E-01	1.521626E-01	1.496096E-01	1.566881E-01	1.550554E-01	1.538523E-01	1.518837E-01	1.471352E-01	1.536092E-01	1.504648E-01	1.534401E-01	1.502734E-01	1.483952E-01	1.430425E-01	1.380124E-01	1.327033E-01	1.272433E-01	1.165778E-01	1.024430E-01	8.369133E-02	5.912816E-02	3.528076E-02	1.644790E-02	

1.339594E-01	1.355217E-01	1.344937E-01	1.349264E-01	1.289598E-01	1.286937E-01	1.239918E-01	1.248340E-01	1.207563E-01	1.215509E-01	1.199505E-01	1.179276E-01	1.148325E-01	1.192118E-01	1.185728E-01	1.177315E-01	1.162693E-01	1.145412E-01	1.193815E-01	1.180892E-01	1.174486E-01	1.167543E-01	1.153274E-01	1.133193E-01	1.180353E-01	1.166428E-01	1.161611E-01	1.157969E-01	1.147414E-01	1.132001E-01	1.107350E-01	1.158077E-01	1.152236E-01	1.143963E-01	1.130475E-01	1.113756E-01	1.168138E-01	1.156382E-01	1.151475E-01	1.144299E-01	1.131169E-01	1.112065E-01	1.164492E-01	1.152271E-01	1.143179E-01	1.128446E-01	1.093061E-01	1.140967E-01	1.117523E-01	1.139475E-01	1.115885E-01	1.101879E-01	1.062100E-01	1.024726E-01	9.852880E-02	9.447359E-02	8.655307E-02	7.605728E-02	6.213443E-02	4.389785E-02	2.619341E-02	1.221189E-02	

7.150142E-02	6.996655E-02	6.601174E-02	6.328032E-02	5.603714E-02	5.245014E-02	4.836340E-02	4.680314E-02	4.326890E-02	4.226172E-02	4.100011E-02	3.987124E-02	3.855802E-02	3.956133E-02	3.909990E-02	3.861248E-02	3.796086E-02	3.724643E-02	3.854000E-02	3.799224E-02	3.765407E-02	3.718828E-02	3.654234E-02	3.575059E-02	3.701434E-02	3.645815E-02	3.619463E-02	3.598192E-02	3.553291E-02	3.496083E-02	3.410133E-02	3.551494E-02	3.525219E-02	3.493404E-02	3.447222E-02	3.392321E-02	3.552112E-02	3.513574E-02	3.496116E-02	3.470161E-02	3.427311E-02	3.367226E-02	3.522637E-02	3.484121E-02	3.453993E-02	3.407622E-02	3.298944E-02	3.440301E-02	3.368111E-02	3.431700E-02	3.359358E-02	3.316249E-02	3.195988E-02	3.083123E-02	2.964182E-02	2.841981E-02	2.603461E-02	2.287568E-02	1.868707E-02	1.320240E-02	7.878580E-03	3.674102E-03	

