0.000000E+00	0.000000E+00	0.000000E+00	0.000000E+00	0.000000E+00	0.000000E+00	0.000000E+00	0.000000E+00	0.000000E+00	0.000000E+00	0.000000E+00	0.000000E+00	0.000000E+00	0.000000E+00	0.000000E+00	0.000000E+00	0.000000E+00	0.000000E+00	0.000000E+00	0.000000E+00	0.000000E+00	2.234612E-02	2.111274E-02	2.032470E-02	1.971427E-02	1.917381E-02	1.871618E-02	1.833747E-02	1.784243E-02	1.739540E-02	1.686508E-02	1.636877E-02	1.593720E-02	1.556829E-02	1.523437E-02	1.493330E-02	1.471650E-02	1.448445E-02	1.428463E-02	1.394944E-02	1.366150E-02	1.340507E-02	1.323575E-02	1.305135E-02	1.276953E-02	1.254261E-02	1.224750E-02	1.199380E-02	1.177570E-02	1.151968E-02	1.134334E-02	1.120197E-02	1.106911E-02	1.095863E-02	1.085640E-02	1.076444E-02	1.059375E-02	1.038655E-02	1.011147E-02	9.699132E-03	9.092022E-03	7.977611E-03	

0.000000E+00	0.000000E+00	0.000000E+00	0.000000E+00	0.000000E+00	0.000000E+00	0.000000E+00	0.000000E+00	0.000000E+00	0.000000E+00	0.000000E+00	0.000000E+00	0.000000E+00	0.000000E+00	0.000000E+00	0.000000E+00	0.000000E+00	0.000000E+00	0.000000E+00	0.000000E+00	0.000000E+00	2.175157E-02	2.055577E-02	1.979340E-02	1.920321E-02	1.868031E-02	1.823791E-02	1.787227E-02	1.739453E-02	1.696294E-02	1.645087E-02	1.597305E-02	1.555754E-02	1.520255E-02	1.488108E-02	1.459121E-02	1.438365E-02	1.416053E-02	1.396863E-02	1.364714E-02	1.337086E-02	1.312463E-02	1.296330E-02	1.278645E-02	1.251683E-02	1.229966E-02	1.201643E-02	1.177518E-02	1.156626E-02	1.132152E-02	1.115223E-02	1.101583E-02	1.088697E-02	1.077960E-02	1.068000E-02	1.059026E-02	1.042335E-02	1.022040E-02	9.950467E-03	9.545221E-03	8.947935E-03	7.851156E-03	

0.000000E+00	0.000000E+00	0.000000E+00	0.000000E+00	0.000000E+00	0.000000E+00	0.000000E+00	0.000000E+00	0.000000E+00	0.000000E+00	0.000000E+00	0.000000E+00	0.000000E+00	0.000000E+00	0.000000E+00	0.000000E+00	0.000000E+00	0.000000E+00	0.000000E+00	0.000000E+00	0.000000E+00	2.121018E-02	2.004782E-02	1.930861E-02	1.873678E-02	1.822989E-02	1.780139E-02	1.744772E-02	1.698581E-02	1.656839E-02	1.607308E-02	1.561226E-02	1.521155E-02	1.486941E-02	1.455945E-02	1.427992E-02	1.408092E-02	1.386606E-02	1.368151E-02	1.337270E-02	1.310724E-02	1.287045E-02	1.271657E-02	1.254673E-02	1.228843E-02	1.208029E-02	1.180805E-02	1.157834E-02	1.137790E-02	1.114356E-02	1.098073E-02	1.084888E-02	1.072366E-02	1.061910E-02	1.052190E-02	1.043417E-02	1.027069E-02	1.007158E-02	9.806296E-03	9.407439E-03	8.818981E-03	7.738001E-03	

0.000000E+00	0.000000E+00	0.000000E+00	0.000000E+00	0.000000E+00	0.000000E+00	0.000000E+00	0.000000E+00	0.000000E+00	0.000000E+00	0.000000E+00	0.000000E+00	0.000000E+00	0.000000E+00	0.000000E+00	0.000000E+00	0.000000E+00	0.000000E+00	0.000000E+00	0.000000E+00	0.000000E+00	2.070110E-02	1.957126E-02	1.885442E-02	1.830030E-02	1.780880E-02	1.739369E-02	1.705154E-02	1.660491E-02	1.620114E-02	1.572196E-02	1.527759E-02	1.489117E-02	1.456144E-02	1.426256E-02	1.399300E-02	1.380228E-02	1.359538E-02	1.341789E-02	1.312131E-02	1.286625E-02	1.263851E-02	1.249180E-02	1.232867E-02	1.208123E-02	1.188173E-02	1.161995E-02	1.140126E-02	1.120885E-02	1.098435E-02	1.082760E-02	1.070001E-02	1.057818E-02	1.047623E-02	1.038124E-02	1.029536E-02	1.013502E-02	9.939412E-03	9.678360E-03	9.285277E-03	8.704741E-03	7.637829E-03	

0.000000E+00	0.000000E+00	0.000000E+00	0.000000E+00	0.000000E+00	0.000000E+00	0.000000E+00	0.000000E+00	0.000000E+00	0.000000E+00	0.000000E+00	0.000000E+00	0.000000E+00	0.000000E+00	0.000000E+00	0.000000E+00	0.000000E+00	0.000000E+00	0.000000E+00	0.000000E+00	0.000000E+00	2.022234E-02	1.912433E-02	1.842923E-02	1.789227E-02	1.741563E-02	1.701346E-02	1.668247E-02	1.625064E-02	1.586008E-02	1.539649E-02	1.496807E-02	1.459551E-02	1.427779E-02	1.398963E-02	1.372970E-02	1.354702E-02	1.334779E-02	1.317714E-02	1.289236E-02	1.264731E-02	1.242829E-02	1.228852E-02	1.213182E-02	1.189480E-02	1.170356E-02	1.145174E-02	1.124361E-02	1.105882E-02	1.084364E-02	1.069261E-02	1.056900E-02	1.045032E-02	1.035079E-02	1.025782E-02	1.017365E-02	1.001618E-02	9.823773E-03	9.566566E-03	9.178704E-03	8.605258E-03	7.550759E-03	

0.000000E+00	0.000000E+00	0.000000E+00	0.000000E+00	0.000000E+00	0.000000E+00	0.000000E+00	0.000000E+00	0.000000E+00	0.000000E+00	0.000000E+00	0.000000E+00	0.000000E+00	0.000000E+00	0.000000E+00	0.000000E+00	0.000000E+00	0.000000E+00	0.000000E+00	0.000000E+00	0.000000E+00	1.977375E-02	1.870669E-02	1.803266E-02	1.751229E-02	1.704999E-02	1.666032E-02	1.634014E-02	1.592265E-02	1.554486E-02	1.509635E-02	1.468341E-02	1.432427E-02	1.401819E-02	1.374041E-02	1.348976E-02	1.331491E-02	1.312310E-02	1.295905E-02	1.268569E-02	1.245030E-02	1.223965E-02	1.210661E-02	1.195611E-02	1.172911E-02	1.154580E-02	1.130348E-02	1.110549E-02	1.092793E-02	1.072161E-02	1.057598E-02	1.045610E-02	1.034034E-02	1.024305E-02	1.015196E-02	1.006936E-02	9.914514E-03	9.725019E-03	9.471292E-03	9.088110E-03	8.520913E-03	7.477121E-03	

0.000000E+00	0.000000E+00	0.000000E+00	0.000000E+00	0.000000E+00	0.000000E+00	0.000000E+00	0.000000E+00	0.000000E+00	0.000000E+00	0.000000E+00	0.000000E+00	0.000000E+00	0.000000E+00	0.000000E+00	0.000000E+00	0.000000E+00	0.000000E+00	0.000000E+00	0.000000E+00	0.000000E+00	1.935681E-02	1.831965E-02	1.766595E-02	1.716157E-02	1.671305E-02	1.633540E-02	1.602564E-02	1.562197E-02	1.525649E-02	1.482249E-02	1.442449E-02	1.407831E-02	1.378346E-02	1.351566E-02	1.327396E-02	1.310668E-02	1.292202E-02	1.276433E-02	1.250197E-02	1.227588E-02	1.207326E-02	1.194672E-02	1.180214E-02	1.158475E-02	1.140902E-02	1.117573E-02	1.098744E-02	1.081673E-02	1.061878E-02	1.047821E-02	1.036179E-02	1.024871E-02	1.015346E-02	1.006407E-02	9.982877E-03	9.830378E-03	9.643473E-03	9.392816E-03	9.013719E-03	8.451882E-03	7.417053E-03	

0.000000E+00	0.000000E+00	0.000000E+00	0.000000E+00	0.000000E+00	0.000000E+00	0.000000E+00	0.000000E+00	0.000000E+00	0.000000E+00	0.000000E+00	0.000000E+00	0.000000E+00	0.000000E+00	0.000000E+00	0.000000E+00	0.000000E+00	0.000000E+00	0.000000E+00	0.000000E+00	0.000000E+00	1.897297E-02	1.796446E-02	1.733027E-02	1.684121E-02	1.640589E-02	1.603975E-02	1.574002E-02	1.534965E-02	1.499600E-02	1.457591E-02	1.419233E-02	1.385862E-02	1.357458E-02	1.331637E-02	1.308323E-02	1.292329E-02	1.274547E-02	1.259389E-02	1.234210E-02	1.212491E-02	1.192995E-02	1.180969E-02	1.167076E-02	1.146254E-02	1.129403E-02	1.106927E-02	1.089024E-02	1.072598E-02	1.053593E-02	1.040010E-02	1.028690E-02	1.017629E-02	1.008291E-02	9.995056E-03	9.915139E-03	9.764736E-03	9.580129E-03	9.332160E-03	8.956562E-03	8.399153E-03	7.371410E-03	

0.000000E+00	0.000000E+00	0.000000E+00	0.000000E+00	0.000000E+00	0.000000E+00	0.000000E+00	0.000000E+00	0.000000E+00	0.000000E+00	0.000000E+00	0.000000E+00	0.000000E+00	0.000000E+00	0.000000E+00	0.000000E+00	0.000000E+00	0.000000E+00	0.000000E+00	0.000000E+00	0.000000E+00	1.861650E-02	1.763582E-02	1.702059E-02	1.654645E-02	1.612391E-02	1.576896E-02	1.547899E-02	1.510159E-02	1.475944E-02	1.435287E-02	1.398338E-02	1.366184E-02	1.338833E-02	1.313945E-02	1.291464E-02	1.276187E-02	1.259070E-02	1.244506E-02	1.220352E-02	1.199496E-02	1.180741E-02	1.169325E-02	1.155975E-02	1.136038E-02	1.119881E-02	1.098218E-02	1.081204E-02	1.065390E-02	1.047134E-02	1.033996E-02	1.022975E-02	1.012139E-02	1.002970E-02	9.943232E-03	9.864449E-03	9.715886E-03	9.533273E-03	9.287594E-03	8.914898E-03	8.361018E-03	7.338638E-03	

0.000000E+00	0.000000E+00	0.000000E+00	0.000000E+00	0.000000E+00	0.000000E+00	0.000000E+00	0.000000E+00	0.000000E+00	0.000000E+00	0.000000E+00	0.000000E+00	0.000000E+00	0.000000E+00	0.000000E+00	0.000000E+00	0.000000E+00	0.000000E+00	0.000000E+00	0.000000E+00	0.000000E+00	1.829356E-02	1.733953E-02	1.674253E-02	1.628271E-02	1.587242E-02	1.552821E-02	1.524764E-02	1.488273E-02	1.455165E-02	1.415807E-02	1.380222E-02	1.349243E-02	1.322911E-02	1.298922E-02	1.277240E-02	1.262660E-02	1.246182E-02	1.232190E-02	1.209024E-02	1.188995E-02	1.170945E-02	1.160119E-02	1.147289E-02	1.128196E-02	1.112698E-02	1.091800E-02	1.075635E-02	1.060392E-02	1.042839E-02	1.030113E-02	1.019367E-02	1.008732E-02	9.997143E-03	9.911891E-03	9.834096E-03	9.687105E-03	9.506170E-03	9.262369E-03	8.891945E-03	8.340594E-03	7.321558E-03	

0.000000E+00	0.000000E+00	0.000000E+00	0.000000E+00	0.000000E+00	0.000000E+00	0.000000E+00	0.000000E+00	0.000000E+00	0.000000E+00	0.000000E+00	0.000000E+00	0.000000E+00	0.000000E+00	0.000000E+00	0.000000E+00	0.000000E+00	0.000000E+00	0.000000E+00	0.000000E+00	0.000000E+00	1.802088E-02	1.709005E-02	1.650930E-02	1.606239E-02	1.566316E-02	1.532870E-02	1.505671E-02	1.470322E-02	1.438226E-02	1.400054E-02	1.365727E-02	1.335832E-02	1.310439E-02	1.287276E-02	1.266328E-02	1.252397E-02	1.236507E-02	1.223042E-02	1.200788E-02	1.181519E-02	1.164116E-02	1.153838E-02	1.141481E-02	1.123161E-02	1.108262E-02	1.088050E-02	1.072657E-02	1.057923E-02	1.040993E-02	1.028626E-02	1.018115E-02	1.007647E-02	9.987531E-03	9.903253E-03	9.826235E-03	9.680444E-03	9.500760E-03	9.258294E-03	8.889357E-03	8.339376E-03	7.321450E-03	

0.000000E+00	0.000000E+00	0.000000E+00	0.000000E+00	0.000000E+00	0.000000E+00	0.000000E+00	0.000000E+00	0.000000E+00	0.000000E+00	0.000000E+00	0.000000E+00	0.000000E+00	0.000000E+00	0.000000E+00	0.000000E+00	0.000000E+00	0.000000E+00	0.000000E+00	0.000000E+00	0.000000E+00	1.779363E-02	1.688354E-02	1.631763E-02	1.588261E-02	1.549356E-02	1.516811E-02	1.490412E-02	1.456128E-02	1.424973E-02	1.387905E-02	1.354760E-02	1.325881E-02	1.301369E-02	1.278980E-02	1.258717E-02	1.245401E-02	1.230060E-02	1.217090E-02	1.195689E-02	1.177129E-02	1.160325E-02	1.150565E-02	1.138645E-02	1.121040E-02	1.106692E-02	1.087101E-02	1.072418E-02	1.058136E-02	1.041759E-02	1.029701E-02	1.019385E-02	1.009049E-02	1.000249E-02	9.918917E-03	9.842445E-03	9.697433E-03	9.518506E-03	9.276745E-03	8.908389E-03	8.358471E-03	7.339243E-03	

0.000000E+00	0.000000E+00	0.000000E+00	0.000000E+00	0.000000E+00	0.000000E+00	0.000000E+00	0.000000E+00	0.000000E+00	0.000000E+00	0.000000E+00	0.000000E+00	0.000000E+00	0.000000E+00	0.000000E+00	0.000000E+00	0.000000E+00	0.000000E+00	0.000000E+00	0.000000E+00	0.000000E+00	1.759800E-02	1.670872E-02	1.615768E-02	1.573453E-02	1.535554E-02	1.503905E-02	1.478304E-02	1.445084E-02	1.414865E-02	1.378887E-02	1.346923E-02	1.319055E-02	1.295418E-02	1.273790E-02	1.254200E-02	1.241500E-02	1.226698E-02	1.214214E-02	1.193653E-02	1.175787E-02	1.159562E-02	1.150315E-02	1.138817E-02	1.121905E-02	1.108086E-02	1.089079E-02	1.075080E-02	1.061217E-02	1.045350E-02	1.033567E-02	1.023415E-02	1.013179E-02	1.004446E-02	9.961344E-03	9.885181E-03	9.740509E-03	9.561800E-03	9.320023E-03	8.951179E-03	8.399792E-03	7.376519E-03	

0.000000E+00	0.000000E+00	0.000000E+00	0.000000E+00	0.000000E+00	0.000000E+00	0.000000E+00	0.000000E+00	0.000000E+00	0.000000E+00	0.000000E+00	0.000000E+00	0.000000E+00	0.000000E+00	0.000000E+00	0.000000E+00	0.000000E+00	0.000000E+00	0.000000E+00	0.000000E+00	0.000000E+00	1.743988E-02	1.657114E-02	1.603485E-02	1.562345E-02	1.525434E-02	1.494666E-02	1.469859E-02	1.437695E-02	1.408399E-02	1.373492E-02	1.342703E-02	1.315836E-02	1.293061E-02	1.272182E-02	1.253247E-02	1.241161E-02	1.226884E-02	1.214874E-02	1.195134E-02	1.177939E-02	1.162269E-02	1.153525E-02	1.142428E-02	1.126179E-02	1.112859E-02	1.094387E-02	1.081034E-02	1.067547E-02	1.052136E-02	1.040584E-02	1.030557E-02	1.020383E-02	1.011685E-02	1.003388E-02	9.957743E-03	9.812883E-03	9.633743E-03	9.391087E-03	9.020482E-03	8.465825E-03	7.435377E-03	

0.000000E+00	0.000000E+00	0.000000E+00	0.000000E+00	0.000000E+00	0.000000E+00	0.000000E+00	0.000000E+00	0.000000E+00	0.000000E+00	0.000000E+00	0.000000E+00	0.000000E+00	0.000000E+00	0.000000E+00	0.000000E+00	0.000000E+00	0.000000E+00	0.000000E+00	0.000000E+00	0.000000E+00	1.732466E-02	1.647588E-02	1.595411E-02	1.555431E-02	1.519486E-02	1.489583E-02	1.465561E-02	1.434442E-02	1.406054E-02	1.372194E-02	1.342572E-02	1.316692E-02	1.294768E-02	1.274618E-02	1.256319E-02	1.244844E-02	1.231075E-02	1.219528E-02	1.200584E-02	1.184035E-02	1.168891E-02	1.160641E-02	1.149923E-02	1.134301E-02	1.121448E-02	1.103459E-02	1.090711E-02	1.077553E-02	1.062534E-02	1.051163E-02	1.041215E-02	1.031058E-02	1.022355E-02	1.014035E-02	1.006390E-02	9.918201E-03	9.737820E-03	9.493201E-03	9.119237E-03	8.559114E-03	7.517860E-03	

0.000000E+00	0.000000E+00	0.000000E+00	0.000000E+00	0.000000E+00	0.000000E+00	0.000000E+00	0.000000E+00	0.000000E+00	0.000000E+00	0.000000E+00	0.000000E+00	0.000000E+00	0.000000E+00	0.000000E+00	0.000000E+00	0.000000E+00	0.000000E+00	0.000000E+00	0.000000E+00	0.000000E+00	1.725619E-02	1.642701E-02	1.591971E-02	1.553146E-02	1.518152E-02	1.489105E-02	1.465868E-02	1.435792E-02	1.408303E-02	1.375470E-02	1.347016E-02	1.322116E-02	1.301033E-02	1.281598E-02	1.263917E-02	1.253052E-02	1.239775E-02	1.228677E-02	1.210507E-02	1.194578E-02	1.179931E-02	1.172162E-02	1.161797E-02	1.146762E-02	1.134337E-02	1.116769E-02	1.104574E-02	1.091685E-02	1.076977E-02	1.065722E-02	1.055796E-02	1.045599E-02	1.036842E-02	1.028454E-02	1.020735E-02	1.006003E-02	9.877449E-03	9.629603E-03	9.250459E-03	8.682409E-03	7.626318E-03	

0.000000E+00	0.000000E+00	0.000000E+00	0.000000E+00	0.000000E+00	0.000000E+00	0.000000E+00	0.000000E+00	0.000000E+00	0.000000E+00	0.000000E+00	0.000000E+00	0.000000E+00	0.000000E+00	0.000000E+00	0.000000E+00	0.000000E+00	0.000000E+00	0.000000E+00	0.000000E+00	0.000000E+00	1.723898E-02	1.642911E-02	1.593628E-02	1.555963E-02	1.521910E-02	1.493718E-02	1.471270E-02	1.442242E-02	1.415647E-02	1.383828E-02	1.356546E-02	1.332621E-02	1.312372E-02	1.293635E-02	1.276552E-02	1.266297E-02	1.253496E-02	1.242832E-02	1.225411E-02	1.210070E-02	1.195884E-02	1.188583E-02	1.178540E-02	1.164046E-02	1.152003E-02	1.134779E-02	1.123072E-02	1.110380E-02	1.095882E-02	1.084662E-02	1.074686E-02	1.064383E-02	1.055514E-02	1.047003E-02	1.039161E-02	1.024178E-02	1.005591E-02	9.803418E-03	9.417093E-03	8.838465E-03	7.763225E-03	

0.000000E+00	0.000000E+00	0.000000E+00	0.000000E+00	0.000000E+00	0.000000E+00	0.000000E+00	0.000000E+00	0.000000E+00	0.000000E+00	0.000000E+00	0.000000E+00	0.000000E+00	0.000000E+00	0.000000E+00	0.000000E+00	0.000000E+00	0.000000E+00	0.000000E+00	0.000000E+00	0.000000E+00	1.727050E-02	1.648000E-02	1.600188E-02	1.563702E-02	1.530595E-02	1.503264E-02	1.481621E-02	1.453658E-02	1.427962E-02	1.397152E-02	1.371055E-02	1.348107E-02	1.328687E-02	1.310638E-02	1.294136E-02	1.284496E-02	1.272156E-02	1.261918E-02	1.245225E-02	1.230449E-02	1.216693E-02	1.209853E-02	1.200109E-02	1.186119E-02	1.174424E-02	1.157487E-02	1.146227E-02	1.133681E-02	1.119331E-02	1.108098E-02	1.098030E-02	1.087578E-02	1.078563E-02	1.069898E-02	1.061903E-02	1.046614E-02	1.027633E-02	1.001835E-02	9.623541E-03	9.032273E-03	7.933653E-03	

0.000000E+00	0.000000E+00	0.000000E+00	0.000000E+00	0.000000E+00	0.000000E+00	0.000000E+00	0.000000E+00	0.000000E+00	0.000000E+00	0.000000E+00	0.000000E+00	0.000000E+00	0.000000E+00	0.000000E+00	0.000000E+00	0.000000E+00	0.000000E+00	0.000000E+00	0.000000E+00	0.000000E+00	1.733386E-02	1.656341E-02	1.610047E-02	1.574777E-02	1.542635E-02	1.516184E-02	1.495364E-02	1.468488E-02	1.443701E-02	1.413904E-02	1.389006E-02	1.367037E-02	1.348446E-02	1.331075E-02	1.315144E-02	1.306120E-02	1.294229E-02	1.284406E-02	1.268424E-02	1.254191E-02	1.240842E-02	1.234456E-02	1.224990E-02	1.211477E-02	1.200103E-02	1.183408E-02	1.172570E-02	1.160137E-02	1.145907E-02	1.134643E-02	1.124472E-02	1.113858E-02	1.104687E-02	1.095858E-02	1.087704E-02	1.072092E-02	1.052698E-02	1.026318E-02	9.859270E-03	9.254080E-03	8.129034E-03	

0.000000E+00	0.000000E+00	0.000000E+00	0.000000E+00	0.000000E+00	0.000000E+00	0.000000E+00	0.000000E+00	0.000000E+00	0.000000E+00	0.000000E+00	0.000000E+00	0.000000E+00	0.000000E+00	0.000000E+00	0.000000E+00	0.000000E+00	0.000000E+00	0.000000E+00	0.000000E+00	0.000000E+00	1.742886E-02	1.667926E-02	1.623209E-02	1.589195E-02	1.558040E-02	1.532488E-02	1.512510E-02	1.486743E-02	1.462874E-02	1.434091E-02	1.410405E-02	1.389415E-02	1.371647E-02	1.354943E-02	1.339566E-02	1.331156E-02	1.319699E-02	1.310280E-02	1.294985E-02	1.281270E-02	1.268296E-02	1.262352E-02	1.253140E-02	1.240068E-02	1.228982E-02	1.212479E-02	1.202028E-02	1.189672E-02	1.175520E-02	1.164197E-02	1.153899E-02	1.143098E-02	1.133751E-02	1.124738E-02	1.116405E-02	1.100435E-02	1.080583E-02	1.053564E-02	1.012173E-02	9.501243E-03	8.347001E-03	

0.000000E+00	0.000000E+00	0.000000E+00	0.000000E+00	0.000000E+00	0.000000E+00	0.000000E+00	0.000000E+00	0.000000E+00	0.000000E+00	0.000000E+00	0.000000E+00	0.000000E+00	0.000000E+00	0.000000E+00	0.000000E+00	0.000000E+00	0.000000E+00	0.000000E+00	0.000000E+00	0.000000E+00	1.755846E-02	1.683060E-02	1.639983E-02	1.607270E-02	1.577124E-02	1.552490E-02	1.533377E-02	1.508741E-02	1.485802E-02	1.458033E-02	1.435570E-02	1.415560E-02	1.398611E-02	1.382560E-02	1.367720E-02	1.359923E-02	1.348885E-02	1.339857E-02	1.325225E-02	1.312000E-02	1.299372E-02	1.293858E-02	1.284876E-02	1.272209E-02	1.261377E-02	1.245017E-02	1.234922E-02	1.222606E-02	1.208497E-02	1.197090E-02	1.186643E-02	1.175632E-02	1.166089E-02	1.156874E-02	1.148344E-02	1.131980E-02	1.111627E-02	1.083906E-02	1.041418E-02	9.776827E-03	8.590204E-03	

0.000000E+00	0.000000E+00	0.000000E+00	0.000000E+00	0.000000E+00	0.000000E+00	0.000000E+00	0.000000E+00	0.000000E+00	0.000000E+00	0.000000E+00	0.000000E+00	0.000000E+00	0.000000E+00	0.000000E+00	0.000000E+00	0.000000E+00	0.000000E+00	0.000000E+00	0.000000E+00	0.000000E+00	1.772472E-02	1.701959E-02	1.660592E-02	1.629229E-02	1.600117E-02	1.576426E-02	1.558200E-02	1.534720E-02	1.512721E-02	1.485967E-02	1.464742E-02	1.445711E-02	1.429575E-02	1.414163E-02	1.399843E-02	1.392658E-02	1.382021E-02	1.373371E-02	1.359376E-02	1.346613E-02	1.334301E-02	1.329205E-02	1.320428E-02	1.308131E-02	1.297522E-02	1.281252E-02	1.271486E-02	1.259175E-02	1.245077E-02	1.233566E-02	1.222951E-02	1.211708E-02	1.201953E-02	1.192517E-02	1.183775E-02	1.166984E-02	1.146088E-02	1.117608E-02	1.073927E-02	1.008344E-02	8.861012E-03	

0.000000E+00	0.000000E+00	0.000000E+00	0.000000E+00	0.000000E+00	0.000000E+00	0.000000E+00	0.000000E+00	0.000000E+00	0.000000E+00	0.000000E+00	0.000000E+00	0.000000E+00	0.000000E+00	0.000000E+00	0.000000E+00	0.000000E+00	0.000000E+00	0.000000E+00	0.000000E+00	0.000000E+00	1.792983E-02	1.724847E-02	1.685263E-02	1.655301E-02	1.627249E-02	1.604522E-02	1.587206E-02	1.564908E-02	1.543859E-02	1.518118E-02	1.498141E-02	1.480088E-02	1.464758E-02	1.449969E-02	1.436148E-02	1.429572E-02	1.419319E-02	1.411031E-02	1.397648E-02	1.385317E-02	1.373286E-02	1.368598E-02	1.360001E-02	1.348036E-02	1.337618E-02	1.321387E-02	1.311922E-02	1.299584E-02	1.285466E-02	1.273830E-02	1.263029E-02	1.251533E-02	1.241547E-02	1.231873E-02	1.222901E-02	1.205648E-02	1.184166E-02	1.154863E-02	1.109888E-02	1.042285E-02	9.161000E-03	

0.000000E+00	0.000000E+00	0.000000E+00	0.000000E+00	0.000000E+00	0.000000E+00	0.000000E+00	0.000000E+00	0.000000E+00	0.000000E+00	0.000000E+00	0.000000E+00	0.000000E+00	0.000000E+00	0.000000E+00	0.000000E+00	0.000000E+00	0.000000E+00	0.000000E+00	0.000000E+00	0.000000E+00	1.817530E-02	1.751890E-02	1.714170E-02	1.685665E-02	1.658701E-02	1.636962E-02	1.620582E-02	1.599492E-02	1.579403E-02	1.554674E-02	1.535960E-02	1.518883E-02	1.504351E-02	1.490169E-02	1.476827E-02	1.470860E-02	1.460971E-02	1.453032E-02	1.440233E-02	1.428306E-02	1.416522E-02	1.412232E-02	1.403790E-02	1.392125E-02	1.381865E-02	1.365622E-02	1.356434E-02	1.344032E-02	1.329864E-02	1.318078E-02	1.307068E-02	1.295292E-02	1.285052E-02	1.275116E-02	1.265893E-02	1.248136E-02	1.226015E-02	1.195821E-02	1.149441E-02	1.079643E-02	9.491470E-03	

0.000000E+00	0.000000E+00	0.000000E+00	0.000000E+00	0.000000E+00	0.000000E+00	0.000000E+00	0.000000E+00	0.000000E+00	0.000000E+00	0.000000E+00	0.000000E+00	0.000000E+00	0.000000E+00	0.000000E+00	0.000000E+00	0.000000E+00	0.000000E+00	0.000000E+00	0.000000E+00	0.000000E+00	1.846295E-02	1.783273E-02	1.747503E-02	1.720512E-02	1.694663E-02	1.673937E-02	1.658517E-02	1.638660E-02	1.619541E-02	1.595819E-02	1.578379E-02	1.562274E-02	1.548532E-02	1.534938E-02	1.522051E-02	1.516691E-02	1.507145E-02	1.499539E-02	1.487296E-02	1.475741E-02	1.464170E-02	1.460270E-02	1.451957E-02	1.440557E-02	1.430426E-02	1.414120E-02	1.405189E-02	1.392693E-02	1.378445E-02	1.366488E-02	1.355248E-02	1.343164E-02	1.332646E-02	1.322426E-02	1.312930E-02	1.294625E-02	1.271810E-02	1.240652E-02	1.192755E-02	1.120580E-02	9.853847E-03	

0.000000E+00	0.000000E+00	0.000000E+00	0.000000E+00	0.000000E+00	0.000000E+00	0.000000E+00	0.000000E+00	0.000000E+00	0.000000E+00	0.000000E+00	0.000000E+00	0.000000E+00	0.000000E+00	0.000000E+00	0.000000E+00	0.000000E+00	0.000000E+00	0.000000E+00	0.000000E+00	0.000000E+00	1.879463E-02	1.819189E-02	1.785453E-02	1.760032E-02	1.735325E-02	1.715635E-02	1.701198E-02	1.682597E-02	1.664453E-02	1.641731E-02	1.625571E-02	1.610431E-02	1.597465E-02	1.584436E-02	1.571980E-02	1.567224E-02	1.557999E-02	1.550709E-02	1.538992E-02	1.527777E-02	1.516383E-02	1.512865E-02	1.504655E-02	1.493488E-02	1.483455E-02	1.467038E-02	1.458349E-02	1.445731E-02	1.431387E-02	1.419246E-02	1.407760E-02	1.395346E-02	1.384531E-02	1.374006E-02	1.364216E-02	1.345323E-02	1.321763E-02	1.289569E-02	1.240038E-02	1.165295E-02	1.024994E-02	

0.000000E+00	0.000000E+00	0.000000E+00	0.000000E+00	0.000000E+00	0.000000E+00	0.000000E+00	0.000000E+00	0.000000E+00	0.000000E+00	0.000000E+00	0.000000E+00	0.000000E+00	0.000000E+00	0.000000E+00	0.000000E+00	0.000000E+00	0.000000E+00	0.000000E+00	0.000000E+00	0.000000E+00	1.917189E-02	1.859798E-02	1.828188E-02	1.804396E-02	1.780857E-02	1.762224E-02	1.748792E-02	1.731470E-02	1.714306E-02	1.692571E-02	1.677700E-02	1.663517E-02	1.651312E-02	1.638827E-02	1.626775E-02	1.622620E-02	1.613695E-02	1.606704E-02	1.595485E-02	1.584580E-02	1.573329E-02	1.570188E-02	1.562057E-02	1.551095E-02	1.541137E-02	1.524569E-02	1.516123E-02	1.503367E-02	1.488931E-02	1.476610E-02	1.464876E-02	1.452119E-02	1.440998E-02	1.430155E-02	1.420059E-02	1.400545E-02	1.376198E-02	1.342903E-02	1.291624E-02	1.214105E-02	1.068246E-02	

0.000000E+00	0.000000E+00	0.000000E+00	0.000000E+00	0.000000E+00	0.000000E+00	0.000000E+00	0.000000E+00	0.000000E+00	0.000000E+00	0.000000E+00	0.000000E+00	0.000000E+00	0.000000E+00	0.000000E+00	0.000000E+00	0.000000E+00	0.000000E+00	0.000000E+00	0.000000E+00	0.000000E+00	1.959665E-02	1.905294E-02	1.875896E-02	1.853790E-02	1.831441E-02	1.813883E-02	1.801476E-02	1.785451E-02	1.769268E-02	1.748505E-02	1.734923E-02	1.721684E-02	1.710226E-02	1.698258E-02	1.686580E-02	1.683025E-02	1.674376E-02	1.667667E-02	1.656917E-02	1.646292E-02	1.635151E-02	1.632382E-02	1.624307E-02	1.613525E-02	1.603620E-02	1.586862E-02	1.578665E-02	1.565763E-02	1.551248E-02	1.538759E-02	1.526780E-02	1.513673E-02	1.502237E-02	1.491064E-02	1.480650E-02	1.460485E-02	1.435309E-02	1.400847E-02	1.347700E-02	1.267187E-02	1.115299E-02	

0.000000E+00	0.000000E+00	0.000000E+00	0.000000E+00	0.000000E+00	0.000000E+00	0.000000E+00	0.000000E+00	0.000000E+00	0.000000E+00	0.000000E+00	0.000000E+00	0.000000E+00	0.000000E+00	0.000000E+00	0.000000E+00	0.000000E+00	0.000000E+00	0.000000E+00	0.000000E+00	0.000000E+00	2.007060E-02	1.955848E-02	1.928751E-02	1.908383E-02	1.887244E-02	1.870778E-02	1.859412E-02	1.844699E-02	1.829492E-02	1.809680E-02	1.797388E-02	1.785078E-02	1.774345E-02	1.762866E-02	1.751532E-02	1.748574E-02	1.740176E-02	1.733731E-02	1.723422E-02	1.713046E-02	1.701981E-02	1.699581E-02	1.691540E-02	1.680913E-02	1.671040E-02	1.654054E-02	1.646115E-02	1.633056E-02	1.618471E-02	1.605820E-02	1.593596E-02	1.580129E-02	1.568368E-02	1.556854E-02	1.546109E-02	1.525264E-02	1.499220E-02	1.463531E-02	1.408404E-02	1.324688E-02	1.166297E-02	

0.000000E+00	0.000000E+00	0.000000E+00	0.000000E+00	0.000000E+00	0.000000E+00	0.000000E+00	0.000000E+00	0.000000E+00	0.000000E+00	0.000000E+00	0.000000E+00	0.000000E+00	0.000000E+00	0.000000E+00	0.000000E+00	0.000000E+00	0.000000E+00	0.000000E+00	0.000000E+00	0.000000E+00	2.059576E-02	2.011660E-02	1.986946E-02	1.968367E-02	1.948452E-02	1.933089E-02	1.922778E-02	1.909386E-02	1.895148E-02	1.876260E-02	1.865252E-02	1.853850E-02	1.843820E-02	1.832798E-02	1.821773E-02	1.819410E-02	1.811236E-02	1.805036E-02	1.795137E-02	1.784979E-02	1.773953E-02	1.771917E-02	1.763886E-02	1.753384E-02	1.743515E-02	1.726254E-02	1.718565E-02	1.705320E-02	1.690644E-02	1.677809E-02	1.665318E-02	1.651459E-02	1.639348E-02	1.627468E-02	1.616370E-02	1.594803E-02	1.567839E-02	1.530857E-02	1.473649E-02	1.386543E-02	1.221214E-02	

0.000000E+00	0.000000E+00	0.000000E+00	0.000000E+00	0.000000E+00	0.000000E+00	0.000000E+00	0.000000E+00	0.000000E+00	0.000000E+00	0.000000E+00	0.000000E+00	0.000000E+00	0.000000E+00	0.000000E+00	0.000000E+00	0.000000E+00	0.000000E+00	0.000000E+00	0.000000E+00	0.000000E+00	2.117428E-02	2.072936E-02	2.050682E-02	2.033933E-02	2.015249E-02	2.000994E-02	1.991745E-02	1.979675E-02	1.966392E-02	1.948394E-02	1.938660E-02	1.928142E-02	1.918788E-02	1.908190E-02	1.897439E-02	1.895669E-02	1.887692E-02	1.881720E-02	1.872204E-02	1.862235E-02	1.851217E-02	1.849546E-02	1.841503E-02	1.831109E-02	1.821227E-02	1.803656E-02	1.796234E-02	1.782794E-02	1.768034E-02	1.755015E-02	1.742248E-02	1.727978E-02	1.715501E-02	1.703234E-02	1.691767E-02	1.669438E-02	1.641508E-02	1.603168E-02	1.543765E-02	1.453060E-02	1.280316E-02	

0.000000E+00	0.000000E+00	0.000000E+00	0.000000E+00	0.000000E+00	0.000000E+00	0.000000E+00	0.000000E+00	0.000000E+00	0.000000E+00	0.000000E+00	0.000000E+00	0.000000E+00	0.000000E+00	0.000000E+00	0.000000E+00	0.000000E+00	0.000000E+00	0.000000E+00	0.000000E+00	0.000000E+00	2.181396E-02	2.140432E-02	2.120696E-02	2.105806E-02	2.088348E-02	2.075195E-02	2.067008E-02	2.056253E-02	2.043899E-02	2.026746E-02	2.018270E-02	2.008607E-02	1.999902E-02	1.989690E-02	1.979176E-02	1.977997E-02	1.970192E-02	1.964428E-02	1.955270E-02	1.945465E-02	1.934425E-02	1.933127E-02	1.925058E-02	1.914762E-02	1.904858E-02	1.886955E-02	1.879840E-02	1.866211E-02	1.851399E-02	1.838212E-02	1.825173E-02	1.810477E-02	1.797619E-02	1.784948E-02	1.773095E-02	1.749965E-02	1.721015E-02	1.681235E-02	1.619493E-02	1.524925E-02	1.344189E-02	

0.000000E+00	0.000000E+00	0.000000E+00	0.000000E+00	0.000000E+00	0.000000E+00	0.000000E+00	0.000000E+00	0.000000E+00	0.000000E+00	0.000000E+00	0.000000E+00	0.000000E+00	0.000000E+00	0.000000E+00	0.000000E+00	0.000000E+00	0.000000E+00	0.000000E+00	0.000000E+00	0.000000E+00	2.251849E-02	2.214505E-02	2.197337E-02	2.184326E-02	2.168079E-02	2.156015E-02	2.148884E-02	2.139429E-02	2.127976E-02	2.111615E-02	2.104379E-02	2.095542E-02	2.087456E-02	2.077594E-02	2.067280E-02	2.066695E-02	2.059035E-02	2.053465E-02	2.044644E-02	2.034984E-02	2.023900E-02	2.022989E-02	2.014883E-02	2.004691E-02	1.994773E-02	1.976534E-02	1.969798E-02	1.956016E-02	1.941231E-02	1.927927E-02	1.914640E-02	1.899521E-02	1.886279E-02	1.873194E-02	1.860942E-02	1.836973E-02	1.806947E-02	1.765633E-02	1.701380E-02	1.602637E-02	1.413250E-02	

0.000000E+00	0.000000E+00	0.000000E+00	0.000000E+00	0.000000E+00	0.000000E+00	0.000000E+00	0.000000E+00	0.000000E+00	0.000000E+00	0.000000E+00	0.000000E+00	0.000000E+00	0.000000E+00	0.000000E+00	0.000000E+00	0.000000E+00	0.000000E+00	0.000000E+00	0.000000E+00	0.000000E+00	2.328604E-02	2.294974E-02	2.280417E-02	2.269299E-02	2.254245E-02	2.243254E-02	2.237169E-02	2.228995E-02	2.218408E-02	2.202782E-02	2.196767E-02	2.188725E-02	2.181231E-02	2.171683E-02	2.161532E-02	2.161543E-02	2.154004E-02	2.148614E-02	2.140113E-02	2.130581E-02	2.119431E-02	2.118926E-02	2.110778E-02	2.100702E-02	2.090782E-02	2.072211E-02	2.065939E-02	2.052046E-02	2.037379E-02	2.024015E-02	2.010516E-02	1.994984E-02	1.981364E-02	1.967862E-02	1.955203E-02	1.930370E-02	1.899223E-02	1.856295E-02	1.789366E-02	1.686141E-02	1.487447E-02	

0.000000E+00	0.000000E+00	0.000000E+00	0.000000E+00	0.000000E+00	0.000000E+00	0.000000E+00	0.000000E+00	0.000000E+00	0.000000E+00	0.000000E+00	0.000000E+00	0.000000E+00	0.000000E+00	0.000000E+00	0.000000E+00	0.000000E+00	0.000000E+00	0.000000E+00	0.000000E+00	0.000000E+00	2.412029E-02	2.382186E-02	2.370267E-02	2.361043E-02	2.347150E-02	2.337205E-02	2.332150E-02	2.325226E-02	2.315462E-02	2.300504E-02	2.295685E-02	2.288403E-02	2.281468E-02	2.272196E-02	2.262168E-02	2.262774E-02	2.255328E-02	2.250099E-02	2.241894E-02	2.232465E-02	2.221223E-02	2.221133E-02	2.212930E-02	2.202967E-02	2.193040E-02	2.174116E-02	2.168353E-02	2.154360E-02	2.139853E-02	2.126456E-02	2.112758E-02	2.096811E-02	2.082809E-02	2.068880E-02	2.055806E-02	2.030082E-02	1.997779E-02	1.953174E-02	1.883440E-02	1.775476E-02	1.566872E-02	

0.000000E+00	0.000000E+00	0.000000E+00	0.000000E+00	0.000000E+00	0.000000E+00	0.000000E+00	0.000000E+00	0.000000E+00	0.000000E+00	0.000000E+00	0.000000E+00	0.000000E+00	0.000000E+00	0.000000E+00	0.000000E+00	0.000000E+00	0.000000E+00	0.000000E+00	0.000000E+00	0.000000E+00	2.502604E-02	2.476596E-02	2.467322E-02	2.459977E-02	2.447202E-02	2.438266E-02	2.434215E-02	2.428503E-02	2.419509E-02	2.405140E-02	2.401484E-02	2.394920E-02	2.388507E-02	2.379463E-02	2.369514E-02	2.370707E-02	2.363321E-02	2.358228E-02	2.350280E-02	2.340915E-02	2.329536E-02	2.329858E-02	2.321568E-02	2.311683E-02	2.301712E-02	2.282363E-02	2.277084E-02	2.262938E-02	2.248538E-02	2.235068E-02	2.221149E-02	2.204756E-02	2.190353E-02	2.175981E-02	2.162478E-02	2.135839E-02	2.102356E-02	2.056040E-02	1.983425E-02	1.870545E-02	1.651516E-02	

0.000000E+00	0.000000E+00	0.000000E+00	0.000000E+00	0.000000E+00	0.000000E+00	0.000000E+00	0.000000E+00	0.000000E+00	0.000000E+00	0.000000E+00	0.000000E+00	0.000000E+00	0.000000E+00	0.000000E+00	0.000000E+00	0.000000E+00	0.000000E+00	0.000000E+00	0.000000E+00	0.000000E+00	2.600906E-02	2.578750E-02	2.572106E-02	2.566609E-02	2.554894E-02	2.546921E-02	2.543843E-02	2.539297E-02	2.531016E-02	2.517153E-02	2.514630E-02	2.508746E-02	2.502823E-02	2.493968E-02	2.484058E-02	2.485843E-02	2.478490E-02	2.473517E-02	2.465807E-02	2.456487E-02	2.444945E-02	2.445697E-02	2.437309E-02	2.427503E-02	2.417483E-02	2.397679E-02	2.392919E-02	2.378613E-02	2.364329E-02	2.350782E-02	2.336634E-02	2.319778E-02	2.304957E-02	2.290124E-02	2.276175E-02	2.248585E-02	2.213878E-02	2.165777E-02	2.090143E-02	1.972074E-02	1.741967E-02	

0.000000E+00	0.000000E+00	0.000000E+00	0.000000E+00	0.000000E+00	0.000000E+00	0.000000E+00	0.000000E+00	0.000000E+00	0.000000E+00	0.000000E+00	0.000000E+00	0.000000E+00	0.000000E+00	0.000000E+00	0.000000E+00	0.000000E+00	0.000000E+00	0.000000E+00	0.000000E+00	0.000000E+00	2.707636E-02	2.689316E-02	2.685261E-02	2.681565E-02	2.670838E-02	2.663772E-02	2.661629E-02	2.658198E-02	2.650567E-02	2.637125E-02	2.635707E-02	2.630471E-02	2.625014E-02	2.616316E-02	2.606416E-02	2.608807E-02	2.601473E-02	2.596617E-02	2.589150E-02	2.579878E-02	2.568174E-02	2.569399E-02	2.560923E-02	2.551243E-02	2.541211E-02	2.520975E-02	2.516845E-02	2.502426E-02	2.488337E-02	2.474749E-02	2.460386E-02	2.443050E-02	2.427794E-02	2.412476E-02	2.398055E-02	2.369457E-02	2.333445E-02	2.283433E-02	2.204550E-02	2.080903E-02	1.838909E-02	

0.000000E+00	0.000000E+00	0.000000E+00	0.000000E+00	0.000000E+00	0.000000E+00	0.000000E+00	0.000000E+00	0.000000E+00	0.000000E+00	0.000000E+00	0.000000E+00	0.000000E+00	0.000000E+00	0.000000E+00	0.000000E+00	0.000000E+00	0.000000E+00	0.000000E+00	0.000000E+00	0.000000E+00	2.823749E-02	2.809212E-02	2.807683E-02	2.805723E-02	2.795894E-02	2.789668E-02	2.788418E-02	2.786045E-02	2.779000E-02	2.765888E-02	2.765552E-02	2.760936E-02	2.755928E-02	2.747365E-02	2.737454E-02	2.740483E-02	2.733164E-02	2.728436E-02	2.721246E-02	2.712055E-02	2.700213E-02	2.701986E-02	2.693461E-02	2.684005E-02	2.674045E-02	2.653457E-02	2.650154E-02	2.635727E-02	2.621995E-02	2.608447E-02	2.593901E-02	2.576080E-02	2.560371E-02	2.544540E-02	2.529614E-02	2.499927E-02	2.462492E-02	2.410380E-02	2.327914E-02	2.198151E-02	1.943244E-02	

0.000000E+00	0.000000E+00	0.000000E+00	0.000000E+00	0.000000E+00	0.000000E+00	0.000000E+00	0.000000E+00	0.000000E+00	0.000000E+00	0.000000E+00	0.000000E+00	0.000000E+00	0.000000E+00	0.000000E+00	0.000000E+00	0.000000E+00	0.000000E+00	0.000000E+00	0.000000E+00	0.000000E+00	2.950481E-02	2.939637E-02	2.940541E-02	2.940235E-02	2.931201E-02	2.925737E-02	2.925333E-02	2.923958E-02	2.917427E-02	2.904548E-02	2.905267E-02	2.901238E-02	2.896659E-02	2.888203E-02	2.878258E-02	2.881955E-02	2.874646E-02	2.870053E-02	2.863172E-02	2.854087E-02	2.842126E-02	2.844522E-02	2.835980E-02	2.826839E-02	2.817025E-02	2.796152E-02	2.793865E-02	2.779527E-02	2.766310E-02	2.752881E-02	2.738185E-02	2.719872E-02	2.703693E-02	2.687320E-02	2.671855E-02	2.640994E-02	2.602011E-02	2.547599E-02	2.461201E-02	2.324748E-02	2.055815E-02	

0.000000E+00	0.000000E+00	0.000000E+00	0.000000E+00	0.000000E+00	0.000000E+00	0.000000E+00	0.000000E+00	0.000000E+00	0.000000E+00	0.000000E+00	0.000000E+00	0.000000E+00	0.000000E+00	0.000000E+00	0.000000E+00	0.000000E+00	0.000000E+00	0.000000E+00	0.000000E+00	0.000000E+00	3.089553E-02	3.082273E-02	3.085493E-02	3.086743E-02	3.078379E-02	3.073582E-02	3.073965E-02	3.073508E-02	3.067398E-02	3.054623E-02	3.056331E-02	3.052818E-02	3.048605E-02	3.040184E-02	3.030133E-02	3.034489E-02	3.027140E-02	3.022648E-02	3.016023E-02	3.006988E-02	2.994847E-02	2.997870E-02	2.989267E-02	2.980401E-02	2.970695E-02	2.949455E-02	2.948201E-02	2.933924E-02	2.921253E-02	2.907968E-02	2.893142E-02	2.874334E-02	2.857687E-02	2.840766E-02	2.824752E-02	2.792681E-02	2.752096E-02	2.695283E-02	2.604753E-02	2.461198E-02	2.177232E-02	

0.000000E+00	0.000000E+00	0.000000E+00	0.000000E+00	0.000000E+00	0.000000E+00	0.000000E+00	0.000000E+00	0.000000E+00	0.000000E+00	0.000000E+00	0.000000E+00	0.000000E+00	0.000000E+00	0.000000E+00	0.000000E+00	0.000000E+00	0.000000E+00	0.000000E+00	0.000000E+00	0.000000E+00	3.247946E-02	3.244098E-02	3.249547E-02	3.252276E-02	3.244455E-02	3.240237E-02	3.241366E-02	3.241769E-02	3.235990E-02	3.223176E-02	3.225825E-02	3.222749E-02	3.218829E-02	3.210344E-02	3.200085E-02	3.205094E-02	3.197621E-02	3.193170E-02	3.186700E-02	3.177598E-02	3.165142E-02	3.168764E-02	3.159996E-02	3.151261E-02	3.141527E-02	3.119690E-02	3.119362E-02	3.104995E-02	3.092778E-02	3.079601E-02	3.064624E-02	3.045292E-02	3.028164E-02	3.010676E-02	2.994097E-02	2.960760E-02	2.918501E-02	2.859167E-02	2.764259E-02	2.613038E-02	2.312538E-02	

0.000000E+00	0.000000E+00	0.000000E+00	0.000000E+00	0.000000E+00	0.000000E+00	0.000000E+00	0.000000E+00	0.000000E+00	0.000000E+00	0.000000E+00	0.000000E+00	0.000000E+00	0.000000E+00	0.000000E+00	0.000000E+00	0.000000E+00	0.000000E+00	0.000000E+00	0.000000E+00	0.000000E+00	3.427628E-02	3.427067E-02	3.434641E-02	3.438767E-02	3.431354E-02	3.427624E-02	3.429464E-02	3.430680E-02	3.425150E-02	3.412166E-02	3.415735E-02	3.413050E-02	3.409377E-02	3.400758E-02	3.390215E-02	3.395905E-02	3.388254E-02	3.383816E-02	3.377457E-02	3.368222E-02	3.355361E-02	3.359603E-02	3.350602E-02	3.341925E-02	3.332085E-02	3.309478E-02	3.310041E-02	3.295469E-02	3.283642E-02	3.270522E-02	3.255347E-02	3.235425E-02	3.217767E-02	3.199657E-02	3.182459E-02	3.147731E-02	3.103633E-02	3.041528E-02	2.941814E-02	2.782140E-02	2.463301E-02	

0.000000E+00	0.000000E+00	0.000000E+00	0.000000E+00	0.000000E+00	0.000000E+00	0.000000E+00	0.000000E+00	0.000000E+00	0.000000E+00	0.000000E+00	0.000000E+00	0.000000E+00	0.000000E+00	0.000000E+00	0.000000E+00	0.000000E+00	0.000000E+00	0.000000E+00	0.000000E+00	0.000000E+00	3.633539E-02	3.636112E-02	3.645718E-02	3.651168E-02	3.644026E-02	3.640702E-02	3.643239E-02	3.645256E-02	3.639924E-02	3.626677E-02	3.631223E-02	3.628952E-02	3.625556E-02	3.616798E-02	3.605960E-02	3.612448E-02	3.604631E-02	3.600245E-02	3.594089E-02	3.584771E-02	3.571520E-02	3.576519E-02	3.567305E-02	3.558777E-02	3.548880E-02	3.525461E-02	3.527064E-02	3.512258E-02	3.500822E-02	3.487686E-02	3.472208E-02	3.451548E-02	3.433226E-02	3.414353E-02	3.396399E-02	3.359996E-02	3.313689E-02	3.248282E-02	3.142927E-02	2.973488E-02	2.633731E-02	

0.000000E+00	0.000000E+00	0.000000E+00	0.000000E+00	0.000000E+00	0.000000E+00	0.000000E+00	0.000000E+00	0.000000E+00	0.000000E+00	0.000000E+00	0.000000E+00	0.000000E+00	0.000000E+00	0.000000E+00	0.000000E+00	0.000000E+00	0.000000E+00	0.000000E+00	0.000000E+00	0.000000E+00	3.875859E-02	3.881423E-02	3.893000E-02	3.899729E-02	3.892721E-02	3.889734E-02	3.892988E-02	3.895843E-02	3.890691E-02	3.877118E-02	3.882800E-02	3.881050E-02	3.878042E-02	3.869205E-02	3.858118E-02	3.865628E-02	3.857718E-02	3.853495E-02	3.847765E-02	3.838527E-02	3.824987E-02	3.831008E-02	3.821674E-02	3.813542E-02	3.803752E-02	3.779575E-02	3.782553E-02	3.767548E-02	3.756553E-02	3.743294E-02	3.727328E-02	3.705677E-02	3.686448E-02	3.666564E-02	3.647613E-02	3.609041E-02	3.559882E-02	3.490268E-02	3.377872E-02	3.196577E-02	2.832035E-02	

0.000000E+00	0.000000E+00	0.000000E+00	0.000000E+00	0.000000E+00	0.000000E+00	0.000000E+00	0.000000E+00	0.000000E+00	0.000000E+00	0.000000E+00	0.000000E+00	0.000000E+00	0.000000E+00	0.000000E+00	0.000000E+00	0.000000E+00	0.000000E+00	0.000000E+00	0.000000E+00	0.000000E+00	4.172665E-02	4.181118E-02	4.194663E-02	4.202655E-02	4.195604E-02	4.192863E-02	4.196863E-02	4.200602E-02	4.195581E-02	4.181550E-02	4.188551E-02	4.187420E-02	4.184895E-02	4.175996E-02	4.164657E-02	4.173451E-02	4.165487E-02	4.161521E-02	4.156424E-02	4.147394E-02	4.133613E-02	4.140962E-02	4.131567E-02	4.124059E-02	4.114513E-02	4.089542E-02	4.094276E-02	4.079060E-02	4.068542E-02	4.055012E-02	4.038316E-02	4.015327E-02	3.994868E-02	3.973637E-02	3.953362E-02	3.911952E-02	3.859073E-02	3.784023E-02	3.662660E-02	3.466564E-02	3.071647E-02	

0.000000E+00	0.000000E+00	0.000000E+00	0.000000E+00	0.000000E+00	0.000000E+00	0.000000E+00	0.000000E+00	0.000000E+00	0.000000E+00	0.000000E+00	0.000000E+00	0.000000E+00	0.000000E+00	0.000000E+00	0.000000E+00	0.000000E+00	0.000000E+00	0.000000E+00	0.000000E+00	0.000000E+00	4.528044E-02	4.538950E-02	4.554262E-02	4.563329E-02	4.555888E-02	4.553155E-02	4.557796E-02	4.562270E-02	4.557143E-02	4.542273E-02	4.550514E-02	4.549851E-02	4.547671E-02	4.538505E-02	4.526689E-02	4.536850E-02	4.528684E-02	4.524893E-02	4.520330E-02	4.511372E-02	4.497162E-02	4.505966E-02	4.496404E-02	4.489481E-02	4.480125E-02	4.454137E-02	4.460931E-02	4.445508E-02	4.435717E-02	4.422055E-02	4.404662E-02	4.380232E-02	4.358442E-02	4.335723E-02	4.313974E-02	4.269367E-02	4.212274E-02	4.131018E-02	3.999302E-02	3.785927E-02	3.355248E-02	

0.000000E+00	0.000000E+00	0.000000E+00	0.000000E+00	0.000000E+00	0.000000E+00	0.000000E+00	0.000000E+00	0.000000E+00	0.000000E+00	0.000000E+00	0.000000E+00	0.000000E+00	0.000000E+00	0.000000E+00	0.000000E+00	0.000000E+00	0.000000E+00	0.000000E+00	0.000000E+00	0.000000E+00	5.074095E-02	5.088128E-02	5.105929E-02	5.116462E-02	5.108264E-02	5.105369E-02	5.110799E-02	5.116104E-02	5.110537E-02	5.094025E-02	5.103651E-02	5.103218E-02	5.101084E-02	5.091056E-02	5.078059E-02	5.089849E-02	5.080954E-02	5.077012E-02	5.072501E-02	5.062989E-02	5.047526E-02	5.057996E-02	5.047715E-02	5.040856E-02	5.031147E-02	5.002933E-02	5.012134E-02	4.995999E-02	4.986982E-02	4.973107E-02	4.954738E-02	4.928228E-02	4.904541E-02	4.879682E-02	4.855817E-02	4.806599E-02	4.743441E-02	4.653218E-02	4.506385E-02	4.267432E-02	3.783209E-02	

0.000000E+00	0.000000E+00	0.000000E+00	0.000000E+00	0.000000E+00	0.000000E+00	0.000000E+00	0.000000E+00	0.000000E+00	0.000000E+00	0.000000E+00	0.000000E+00	0.000000E+00	0.000000E+00	0.000000E+00	0.000000E+00	0.000000E+00	0.000000E+00	0.000000E+00	0.000000E+00	0.000000E+00	6.003925E-02	6.022639E-02	6.044595E-02	6.057596E-02	6.048116E-02	6.044924E-02	6.051642E-02	6.058265E-02	6.051871E-02	6.032454E-02	6.044195E-02	6.043919E-02	6.041607E-02	6.029866E-02	6.014592E-02	6.028843E-02	6.018439E-02	6.013953E-02	6.008983E-02	5.998045E-02	5.979999E-02	5.992850E-02	5.980968E-02	5.973512E-02	5.962630E-02	5.930002E-02	5.942500E-02	5.924658E-02	5.916346E-02	5.901830E-02	5.881648E-02	5.851516E-02	5.824551E-02	5.796025E-02	5.768549E-02	5.711524E-02	5.638144E-02	5.532864E-02	5.360641E-02	5.078666E-02	4.504277E-02	

0.000000E+00	0.000000E+00	0.000000E+00	0.000000E+00	0.000000E+00	0.000000E+00	0.000000E+00	0.000000E+00	0.000000E+00	0.000000E+00	0.000000E+00	0.000000E+00	0.000000E+00	0.000000E+00	0.000000E+00	0.000000E+00	0.000000E+00	0.000000E+00	0.000000E+00	0.000000E+00	0.000000E+00	7.708918E-02	7.736302E-02	7.766584E-02	7.784833E-02	7.773698E-02	7.770584E-02	7.780232E-02	7.790049E-02	7.782851E-02	7.758969E-02	7.775503E-02	7.776305E-02	7.774337E-02	7.760022E-02	7.741053E-02	7.760226E-02	7.747404E-02	7.742211E-02	7.736856E-02	7.723652E-02	7.701099E-02	7.718459E-02	7.703735E-02	7.695244E-02	7.682176E-02	7.641300E-02	7.659416E-02	7.637969E-02	7.630028E-02	7.613557E-02	7.589368E-02	7.551995E-02	7.518490E-02	7.482771E-02	7.448261E-02	7.376226E-02	7.283311E-02	7.149503E-02	6.929618E-02	6.567678E-02	5.827016E-02	

0.000000E+00	0.000000E+00	0.000000E+00	0.000000E+00	0.000000E+00	0.000000E+00	0.000000E+00	0.000000E+00	0.000000E+00	0.000000E+00	0.000000E+00	0.000000E+00	0.000000E+00	0.000000E+00	0.000000E+00	0.000000E+00	0.000000E+00	0.000000E+00	0.000000E+00	0.000000E+00	0.000000E+00	1.046598E-01	1.050746E-01	1.055246E-01	1.058061E-01	1.056816E-01	1.056649E-01	1.058220E-01	1.059905E-01	1.059227E-01	1.056326E-01	1.059004E-01	1.059479E-01	1.059534E-01	1.057855E-01	1.055511E-01	1.058370E-01	1.056818E-01	1.056295E-01	1.055887E-01	1.054356E-01	1.051491E-01	1.054063E-01	1.052209E-01	1.051317E-01	1.049741E-01	1.044390E-01	1.047171E-01	1.044445E-01	1.043673E-01	1.041651E-01	1.038517E-01	1.033539E-01	1.029065E-01	1.024266E-01	1.019619E-01	1.009883E-01	9.973057E-02	9.791522E-02	9.492439E-02	8.998627E-02	7.985456E-02	

0.000000E+00	0.000000E+00	0.000000E+00	0.000000E+00	0.000000E+00	0.000000E+00	0.000000E+00	0.000000E+00	0.000000E+00	0.000000E+00	0.000000E+00	0.000000E+00	0.000000E+00	0.000000E+00	0.000000E+00	0.000000E+00	0.000000E+00	0.000000E+00	0.000000E+00	0.000000E+00	0.000000E+00	1.400519E-01	1.406566E-01	1.413220E-01	1.417594E-01	1.416443E-01	1.416720E-01	1.419334E-01	1.422291E-01	1.422002E-01	1.418852E-01	1.423340E-01	1.424760E-01	1.425529E-01	1.423867E-01	1.421246E-01	1.425612E-01	1.423954E-01	1.423653E-01	1.423795E-01	1.422314E-01	1.418910E-01	1.422785E-01	1.420610E-01	1.419938E-01	1.418207E-01	1.411411E-01	1.415629E-01	1.412217E-01	1.411506E-01	1.408975E-01	1.404863E-01	1.398209E-01	1.392212E-01	1.385755E-01	1.379492E-01	1.366356E-01	1.349377E-01	1.324857E-01	1.284445E-01	1.217682E-01	1.080628E-01	

0.000000E+00	0.000000E+00	0.000000E+00	0.000000E+00	0.000000E+00	0.000000E+00	0.000000E+00	0.000000E+00	0.000000E+00	0.000000E+00	0.000000E+00	0.000000E+00	0.000000E+00	0.000000E+00	0.000000E+00	0.000000E+00	0.000000E+00	0.000000E+00	0.000000E+00	0.000000E+00	0.000000E+00	1.749785E-01	1.757600E-01	1.766440E-01	1.772449E-01	1.771485E-01	1.772304E-01	1.776073E-01	1.780471E-01	1.780741E-01	1.777564E-01	1.784137E-01	1.786761E-01	1.788488E-01	1.787063E-01	1.784370E-01	1.790441E-01	1.788852E-01	1.788937E-01	1.789921E-01	1.788749E-01	1.785019E-01	1.790388E-01	1.788055E-01	1.787877E-01	1.786213E-01	1.778224E-01	1.784184E-01	1.780286E-01	1.779908E-01	1.777043E-01	1.772070E-01	1.763820E-01	1.756356E-01	1.748279E-01	1.740430E-01	1.723933E-01	1.702590E-01	1.671738E-01	1.620844E-01	1.536688E-01	1.363799E-01	

0.000000E+00	0.000000E+00	0.000000E+00	0.000000E+00	0.000000E+00	0.000000E+00	0.000000E+00	0.000000E+00	0.000000E+00	0.000000E+00	0.000000E+00	0.000000E+00	0.000000E+00	0.000000E+00	0.000000E+00	0.000000E+00	0.000000E+00	0.000000E+00	0.000000E+00	0.000000E+00	0.000000E+00	2.020429E-01	2.029146E-01	2.039360E-01	2.046373E-01	2.045324E-01	2.046370E-01	2.050879E-01	2.056197E-01	2.056734E-01	2.053352E-01	2.061392E-01	2.064838E-01	2.067233E-01	2.065933E-01	2.063147E-01	2.070539E-01	2.068997E-01	2.069388E-01	2.071067E-01	2.070193E-01	2.066281E-01	2.072908E-01	2.070542E-01	2.070946E-01	2.069527E-01	2.060886E-01	2.068657E-01	2.064759E-01	2.065270E-01	2.062627E-01	2.057364E-01	2.048172E-01	2.039816E-01	2.030686E-01	2.021779E-01	2.002949E-01	1.978519E-01	1.943076E-01	1.884394E-01	1.786981E-01	1.586271E-01	

0.000000E+00	0.000000E+00	0.000000E+00	0.000000E+00	0.000000E+00	0.000000E+00	0.000000E+00	0.000000E+00	0.000000E+00	0.000000E+00	0.000000E+00	0.000000E+00	0.000000E+00	0.000000E+00	0.000000E+00	0.000000E+00	0.000000E+00	0.000000E+00	0.000000E+00	0.000000E+00	0.000000E+00	2.195009E-01	2.203463E-01	2.213912E-01	2.221025E-01	2.219452E-01	2.220232E-01	2.224858E-01	2.230302E-01	2.230609E-01	2.226637E-01	2.235170E-01	2.238776E-01	2.241310E-01	2.239851E-01	2.236811E-01	2.244912E-01	2.243277E-01	2.243770E-01	2.245771E-01	2.245018E-01	2.240969E-01	2.248433E-01	2.246090E-01	2.247005E-01	2.245913E-01	2.237131E-01	2.246582E-01	2.243147E-01	2.245036E-01	2.243177E-01	2.238246E-01	2.228871E-01	2.220296E-01	2.210790E-01	2.201463E-01	2.181553E-01	2.155603E-01	2.117731E-01	2.054626E-01	1.949190E-01	1.730879E-01	

0.000000E+00	0.000000E+00	0.000000E+00	0.000000E+00	0.000000E+00	0.000000E+00	0.000000E+00	0.000000E+00	0.000000E+00	0.000000E+00	0.000000E+00	0.000000E+00	0.000000E+00	0.000000E+00	0.000000E+00	0.000000E+00	0.000000E+00	0.000000E+00	0.000000E+00	0.000000E+00	0.000000E+00	2.279744E-01	2.287358E-01	2.297352E-01	2.304034E-01	2.301796E-01	2.302091E-01	2.306463E-01	2.311570E-01	2.311429E-01	2.306797E-01	2.315202E-01	2.318596E-01	2.320972E-01	2.319254E-01	2.315951E-01	2.324295E-01	2.322529E-01	2.323008E-01	2.325090E-01	2.324363E-01	2.320249E-01	2.328153E-01	2.325868E-01	2.327160E-01	2.326375E-01	2.317761E-01	2.328433E-01	2.325585E-01	2.328763E-01	2.327773E-01	2.323399E-01	2.314255E-01	2.305842E-01	2.296380E-01	2.287043E-01	2.266925E-01	2.240587E-01	2.201932E-01	2.137131E-01	2.028200E-01	1.801630E-01	

0.000000E+00	0.000000E+00	0.000000E+00	0.000000E+00	0.000000E+00	0.000000E+00	0.000000E+00	0.000000E+00	0.000000E+00	0.000000E+00	0.000000E+00	0.000000E+00	0.000000E+00	0.000000E+00	0.000000E+00	0.000000E+00	0.000000E+00	0.000000E+00	0.000000E+00	0.000000E+00	0.000000E+00	2.309190E-01	2.316340E-01	2.325952E-01	2.332264E-01	2.329598E-01	2.329546E-01	2.333677E-01	2.338465E-01	2.337995E-01	2.332938E-01	2.341107E-01	2.344272E-01	2.346472E-01	2.344563E-01	2.341085E-01	2.349453E-01	2.347587E-01	2.348020E-01	2.350073E-01	2.349322E-01	2.345173E-01	2.353235E-01	2.350984E-01	2.352453E-01	2.351838E-01	2.343391E-01	2.354694E-01	2.352241E-01	2.356205E-01	2.355791E-01	2.351833E-01	2.342950E-01	2.334745E-01	2.325427E-01	2.316198E-01	2.296187E-01	2.269914E-01	2.231211E-01	2.166075E-01	2.056150E-01	1.826841E-01	

0.000000E+00	0.000000E+00	0.000000E+00	0.000000E+00	0.000000E+00	0.000000E+00	0.000000E+00	0.000000E+00	0.000000E+00	0.000000E+00	0.000000E+00	0.000000E+00	0.000000E+00	0.000000E+00	0.000000E+00	0.000000E+00	0.000000E+00	0.000000E+00	0.000000E+00	0.000000E+00	0.000000E+00	2.286839E-01	2.293699E-01	2.302982E-01	2.309037E-01	2.306247E-01	2.306065E-01	2.310053E-01	2.314658E-01	2.314087E-01	2.308969E-01	2.316932E-01	2.319967E-01	2.322063E-01	2.320103E-01	2.316589E-01	2.324790E-01	2.322878E-01	2.323242E-01	2.325155E-01	2.324311E-01	2.320116E-01	2.328013E-01	2.325710E-01	2.327030E-01	2.326313E-01	2.317839E-01	2.328888E-01	2.326380E-01	2.330206E-01	2.329742E-01	2.325789E-01	2.316980E-01	2.308853E-01	2.299632E-01	2.290501E-01	2.270711E-01	2.244738E-01	2.206483E-01	2.142102E-01	2.033433E-01	1.806696E-01	

0.000000E+00	0.000000E+00	0.000000E+00	0.000000E+00	0.000000E+00	0.000000E+00	0.000000E+00	0.000000E+00	0.000000E+00	0.000000E+00	0.000000E+00	0.000000E+00	0.000000E+00	0.000000E+00	0.000000E+00	0.000000E+00	0.000000E+00	0.000000E+00	0.000000E+00	0.000000E+00	0.000000E+00	2.287378E-01	2.294171E-01	2.303511E-01	2.309691E-01	2.307068E-01	2.307043E-01	2.311183E-01	2.315981E-01	2.315597E-01	2.310706E-01	2.318850E-01	2.322026E-01	2.324220E-01	2.322335E-01	2.318848E-01	2.326992E-01	2.325052E-01	2.325361E-01	2.327117E-01	2.326104E-01	2.321729E-01	2.329398E-01	2.326882E-01	2.327755E-01	2.326627E-01	2.317621E-01	2.327834E-01	2.324690E-01	2.327486E-01	2.326254E-01	2.321703E-01	2.312445E-01	2.303955E-01	2.294442E-01	2.285070E-01	2.264910E-01	2.238554E-01	2.199911E-01	2.135161E-01	2.026333E-01	1.799971E-01	

0.000000E+00	0.000000E+00	0.000000E+00	0.000000E+00	0.000000E+00	0.000000E+00	0.000000E+00	0.000000E+00	0.000000E+00	0.000000E+00	0.000000E+00	0.000000E+00	0.000000E+00	0.000000E+00	0.000000E+00	0.000000E+00	0.000000E+00	0.000000E+00	0.000000E+00	0.000000E+00	0.000000E+00	2.245948E-01	2.251605E-01	2.260174E-01	2.265874E-01	2.263094E-01	2.262903E-01	2.266830E-01	2.271362E-01	2.270876E-01	2.265991E-01	2.273810E-01	2.276795E-01	2.278816E-01	2.276861E-01	2.273319E-01	2.281091E-01	2.279045E-01	2.279188E-01	2.280573E-01	2.279270E-01	2.274690E-01	2.281864E-01	2.279108E-01	2.279379E-01	2.277758E-01	2.268294E-01	2.277308E-01	2.273497E-01	2.275073E-01	2.273018E-01	2.267909E-01	2.258356E-01	2.249650E-01	2.240022E-01	2.230585E-01	2.210453E-01	2.184243E-01	2.146008E-01	2.082252E-01	1.975591E-01	1.754476E-01	

0.000000E+00	0.000000E+00	0.000000E+00	0.000000E+00	0.000000E+00	0.000000E+00	0.000000E+00	0.000000E+00	0.000000E+00	0.000000E+00	0.000000E+00	0.000000E+00	0.000000E+00	0.000000E+00	0.000000E+00	0.000000E+00	0.000000E+00	0.000000E+00	0.000000E+00	0.000000E+00	0.000000E+00	2.072564E-01	2.073916E-01	2.079151E-01	2.082431E-01	2.078409E-01	2.076959E-01	2.079441E-01	2.082159E-01	2.080548E-01	2.074825E-01	2.080591E-01	2.082211E-01	2.083115E-01	2.080549E-01	2.076623E-01	2.083025E-01	2.080597E-01	2.080211E-01	2.080552E-01	2.078597E-01	2.073767E-01	2.079675E-01	2.076644E-01	2.075966E-01	2.073738E-01	2.064241E-01	2.071257E-01	2.066959E-01	2.067191E-01	2.064508E-01	2.059266E-01	2.050137E-01	2.041870E-01	2.032837E-01	2.024027E-01	2.005374E-01	1.981184E-01	1.946059E-01	1.887751E-01	1.790615E-01	1.589856E-01	

0.000000E+00	0.000000E+00	0.000000E+00	0.000000E+00	0.000000E+00	0.000000E+00	0.000000E+00	0.000000E+00	0.000000E+00	0.000000E+00	0.000000E+00	0.000000E+00	0.000000E+00	0.000000E+00	0.000000E+00	0.000000E+00	0.000000E+00	0.000000E+00	0.000000E+00	0.000000E+00	0.000000E+00	1.624874E-01	1.617796E-01	1.616242E-01	1.614581E-01	1.608287E-01	1.604380E-01	1.603806E-01	1.602688E-01	1.598821E-01	1.591575E-01	1.592779E-01	1.591423E-01	1.589891E-01	1.586088E-01	1.581472E-01	1.584711E-01	1.581542E-01	1.580032E-01	1.578126E-01	1.574840E-01	1.569651E-01	1.572645E-01	1.569151E-01	1.566514E-01	1.563113E-01	1.553939E-01	1.556518E-01	1.551398E-01	1.548862E-01	1.545032E-01	1.539779E-01	1.531950E-01	1.524974E-01	1.517579E-01	1.510463E-01	1.495697E-01	1.476756E-01	1.449604E-01	1.405103E-01	1.331859E-01	1.181794E-01	

0.000000E+00	0.000000E+00	0.000000E+00	0.000000E+00	0.000000E+00	0.000000E+00	0.000000E+00	0.000000E+00	0.000000E+00	0.000000E+00	0.000000E+00	0.000000E+00	0.000000E+00	0.000000E+00	0.000000E+00	0.000000E+00	0.000000E+00	0.000000E+00	0.000000E+00	0.000000E+00	0.000000E+00	6.448115E-02	6.294007E-02	6.199805E-02	6.126814E-02	6.052235E-02	5.992416E-02	5.949171E-02	5.891468E-02	5.832941E-02	5.757650E-02	5.705463E-02	5.654261E-02	5.608682E-02	5.561613E-02	5.515667E-02	5.496734E-02	5.461235E-02	5.433243E-02	5.386063E-02	5.340823E-02	5.294255E-02	5.276270E-02	5.241670E-02	5.192509E-02	5.148494E-02	5.079758E-02	5.036438E-02	4.983560E-02	4.923446E-02	4.876509E-02	4.834717E-02	4.791175E-02	4.754317E-02	4.719065E-02	4.686817E-02	4.625161E-02	4.549741E-02	4.447934E-02	4.291481E-02	4.050286E-02	3.580279E-02	

