0.000000E+00	0.000000E+00	0.000000E+00	0.000000E+00	0.000000E+00	0.000000E+00	0.000000E+00	0.000000E+00	0.000000E+00	0.000000E+00	0.000000E+00	0.000000E+00	0.000000E+00	2.206805E-02	2.097070E-02	2.037073E-02	1.940358E-02	1.858089E-02	1.829587E-02	1.790910E-02	1.760588E-02	1.686652E-02	1.606780E-02	1.535648E-02	1.564991E-02	1.520396E-02	1.481081E-02	1.442018E-02	1.386281E-02	1.338970E-02	1.284320E-02	1.323483E-02	1.279757E-02	1.239300E-02	1.201740E-02	1.168929E-02	1.235010E-02	1.208861E-02	1.195599E-02	1.160050E-02	1.119730E-02	1.088705E-02	1.152851E-02	1.142851E-02	1.113069E-02	1.070021E-02	1.026353E-02	1.092473E-02	1.032287E-02	1.110343E-02	1.020798E-02	1.032488E-02	1.001601E-02	9.642894E-03	9.408627E-03	9.226583E-03	8.952337E-03	8.649922E-03	8.280627E-03	7.741828E-03	6.991876E-03	5.834261E-03	

0.000000E+00	0.000000E+00	0.000000E+00	0.000000E+00	0.000000E+00	0.000000E+00	0.000000E+00	0.000000E+00	0.000000E+00	0.000000E+00	0.000000E+00	0.000000E+00	0.000000E+00	2.150087E-02	2.043035E-02	1.985048E-02	1.890737E-02	1.810453E-02	1.783080E-02	1.745633E-02	1.716386E-02	1.644677E-02	1.567010E-02	1.497840E-02	1.527494E-02	1.484295E-02	1.446233E-02	1.408373E-02	1.354303E-02	1.308429E-02	1.255459E-02	1.294898E-02	1.252595E-02	1.213407E-02	1.176987E-02	1.145173E-02	1.210644E-02	1.185280E-02	1.172553E-02	1.138127E-02	1.098908E-02	1.068756E-02	1.132217E-02	1.122645E-02	1.093765E-02	1.051731E-02	1.009120E-02	1.074579E-02	1.015593E-02	1.092664E-02	1.004676E-02	1.016238E-02	9.858737E-03	9.491726E-03	9.261232E-03	9.082078E-03	8.812095E-03	8.514274E-03	8.150508E-03	7.619789E-03	6.881284E-03	5.741712E-03	

0.000000E+00	0.000000E+00	0.000000E+00	0.000000E+00	0.000000E+00	0.000000E+00	0.000000E+00	0.000000E+00	0.000000E+00	0.000000E+00	0.000000E+00	0.000000E+00	0.000000E+00	2.098989E-02	1.994200E-02	1.937925E-02	1.845707E-02	1.767157E-02	1.740754E-02	1.704382E-02	1.676078E-02	1.606357E-02	1.530676E-02	1.463284E-02	1.493222E-02	1.451297E-02	1.414383E-02	1.377628E-02	1.325091E-02	1.280542E-02	1.229124E-02	1.268854E-02	1.227871E-02	1.189861E-02	1.154498E-02	1.123608E-02	1.188545E-02	1.163911E-02	1.151686E-02	1.118304E-02	1.080103E-02	1.050759E-02	1.113620E-02	1.104451E-02	1.076409E-02	1.035303E-02	9.936586E-03	1.058541E-02	1.000641E-02	1.076846E-02	9.902528E-03	1.001701E-02	9.718043E-03	9.356509E-03	9.129392E-03	8.952823E-03	8.686646E-03	8.392925E-03	8.034090E-03	7.510585E-03	6.782313E-03	5.658884E-03	

0.000000E+00	0.000000E+00	0.000000E+00	0.000000E+00	0.000000E+00	0.000000E+00	0.000000E+00	0.000000E+00	0.000000E+00	0.000000E+00	0.000000E+00	0.000000E+00	0.000000E+00	2.050739E-02	1.948169E-02	1.893608E-02	1.803421E-02	1.726549E-02	1.701114E-02	1.665798E-02	1.638422E-02	1.570632E-02	1.496864E-02	1.431178E-02	1.461463E-02	1.420767E-02	1.384955E-02	1.349259E-02	1.298183E-02	1.254898E-02	1.204955E-02	1.245041E-02	1.205314E-02	1.168419E-02	1.134053E-02	1.104032E-02	1.168528E-02	1.144577E-02	1.132833E-02	1.100434E-02	1.063180E-02	1.034588E-02	1.096940E-02	1.088154E-02	1.060896E-02	1.020641E-02	9.798833E-03	1.044286E-02	9.873652E-03	1.062823E-02	9.774708E-03	9.888227E-03	9.593430E-03	9.236750E-03	9.012628E-03	8.838351E-03	8.575546E-03	8.285457E-03	7.930989E-03	7.413879E-03	6.694683E-03	5.585571E-03	

0.000000E+00	0.000000E+00	0.000000E+00	0.000000E+00	0.000000E+00	0.000000E+00	0.000000E+00	0.000000E+00	0.000000E+00	0.000000E+00	0.000000E+00	0.000000E+00	0.000000E+00	2.005148E-02	1.904763E-02	1.851926E-02	1.763720E-02	1.688479E-02	1.664016E-02	1.629744E-02	1.603288E-02	1.537384E-02	1.465466E-02	1.401423E-02	1.432114E-02	1.392605E-02	1.357859E-02	1.323180E-02	1.273503E-02	1.231426E-02	1.182891E-02	1.223395E-02	1.184864E-02	1.149028E-02	1.115604E-02	1.086403E-02	1.150545E-02	1.127237E-02	1.115954E-02	1.084483E-02	1.048108E-02	1.020215E-02	1.082147E-02	1.073728E-02	1.047202E-02	1.007722E-02	9.677726E-03	1.031797E-02	9.757489E-03	1.050590E-02	9.663206E-03	9.775952E-03	9.484811E-03	9.132365E-03	8.910862E-03	8.738592E-03	8.478743E-03	8.191840E-03	7.841208E-03	7.329716E-03	6.618482E-03	5.521888E-03	

0.000000E+00	0.000000E+00	0.000000E+00	0.000000E+00	0.000000E+00	0.000000E+00	0.000000E+00	0.000000E+00	0.000000E+00	0.000000E+00	0.000000E+00	0.000000E+00	0.000000E+00	1.962290E-02	1.864031E-02	1.812909E-02	1.726616E-02	1.652946E-02	1.629457E-02	1.596210E-02	1.570662E-02	1.506592E-02	1.436452E-02	1.373985E-02	1.405149E-02	1.366785E-02	1.333064E-02	1.299361E-02	1.251021E-02	1.210096E-02	1.162902E-02	1.203878E-02	1.166488E-02	1.131657E-02	1.099122E-02	1.070694E-02	1.134580E-02	1.111877E-02	1.101039E-02	1.070445E-02	1.034884E-02	1.007640E-02	1.069247E-02	1.061180E-02	1.035342E-02	9.965616E-03	9.573451E-03	1.021098E-02	9.658171E-03	1.040172E-02	9.568311E-03	9.680540E-03	9.392553E-03	9.043711E-03	8.824453E-03	8.653907E-03	8.396597E-03	8.112433E-03	7.765099E-03	7.258428E-03	6.554006E-03	5.468074E-03	

0.000000E+00	0.000000E+00	0.000000E+00	0.000000E+00	0.000000E+00	0.000000E+00	0.000000E+00	0.000000E+00	0.000000E+00	0.000000E+00	0.000000E+00	0.000000E+00	0.000000E+00	1.922359E-02	1.826140E-02	1.776700E-02	1.692237E-02	1.620067E-02	1.597552E-02	1.565309E-02	1.540655E-02	1.478360E-02	1.409919E-02	1.348952E-02	1.380649E-02	1.343382E-02	1.310643E-02	1.277869E-02	1.230798E-02	1.190967E-02	1.145044E-02	1.186543E-02	1.150236E-02	1.116355E-02	1.084656E-02	1.056953E-02	1.120686E-02	1.098548E-02	1.088139E-02	1.058368E-02	1.023556E-02	9.969092E-03	1.058285E-02	1.050556E-02	1.025358E-02	9.872024E-03	9.486423E-03	1.012232E-02	9.576108E-03	1.031615E-02	9.490409E-03	9.602318E-03	9.316955E-03	8.971068E-03	8.753665E-03	8.584543E-03	8.329336E-03	8.047439E-03	7.702837E-03	7.200161E-03	6.501375E-03	5.424222E-03	

0.000000E+00	0.000000E+00	0.000000E+00	0.000000E+00	0.000000E+00	0.000000E+00	0.000000E+00	0.000000E+00	0.000000E+00	0.000000E+00	0.000000E+00	0.000000E+00	0.000000E+00	1.885583E-02	1.791282E-02	1.743463E-02	1.660725E-02	1.589968E-02	1.568413E-02	1.537143E-02	1.513359E-02	1.452768E-02	1.385937E-02	1.326389E-02	1.358689E-02	1.322469E-02	1.290666E-02	1.258776E-02	1.212903E-02	1.174105E-02	1.129380E-02	1.171467E-02	1.136184E-02	1.103195E-02	1.072277E-02	1.045250E-02	1.108936E-02	1.087321E-02	1.077326E-02	1.048326E-02	1.014195E-02	9.880927E-03	1.049333E-02	1.041929E-02	1.017326E-02	9.797181E-03	9.417361E-03	1.005284E-02	9.512109E-03	1.025003E-02	9.430360E-03	9.542230E-03	9.258965E-03	8.915367E-03	8.699422E-03	8.531424E-03	8.277876E-03	7.997766E-03	7.655310E-03	7.155758E-03	6.461349E-03	5.390956E-03	

0.000000E+00	0.000000E+00	0.000000E+00	0.000000E+00	0.000000E+00	0.000000E+00	0.000000E+00	0.000000E+00	0.000000E+00	0.000000E+00	0.000000E+00	0.000000E+00	0.000000E+00	1.851370E-02	1.758907E-02	1.712680E-02	1.631598E-02	1.562195E-02	1.541603E-02	1.511289E-02	1.488368E-02	1.429435E-02	1.364152E-02	1.305964E-02	1.338937E-02	1.303729E-02	1.272831E-02	1.241789E-02	1.197061E-02	1.159249E-02	1.115666E-02	1.158421E-02	1.124115E-02	1.091972E-02	1.061789E-02	1.035396E-02	1.099131E-02	1.078005E-02	1.068412E-02	1.040136E-02	1.006628E-02	9.810253E-03	1.042222E-02	1.035132E-02	1.011082E-02	9.739534E-03	9.364795E-03	1.000082E-02	9.464599E-03	1.020166E-02	9.386571E-03	9.498606E-03	9.216938E-03	8.875013E-03	8.660149E-03	8.492987E-03	8.240670E-03	7.961879E-03	7.621008E-03	7.123758E-03	6.432570E-03	5.367114E-03	

0.000000E+00	0.000000E+00	0.000000E+00	0.000000E+00	0.000000E+00	0.000000E+00	0.000000E+00	0.000000E+00	0.000000E+00	0.000000E+00	0.000000E+00	0.000000E+00	0.000000E+00	1.820391E-02	1.729641E-02	1.684946E-02	1.605411E-02	1.537274E-02	1.517632E-02	1.488243E-02	1.466161E-02	1.408818E-02	1.344996E-02	1.288089E-02	1.321796E-02	1.287553E-02	1.257517E-02	1.227278E-02	1.183630E-02	1.146748E-02	1.104238E-02	1.147772E-02	1.114386E-02	1.083034E-02	1.053530E-02	1.027721E-02	1.091630E-02	1.070951E-02	1.061744E-02	1.034139E-02	1.001182E-02	9.760241E-03	1.037296E-02	1.030505E-02	1.006958E-02	9.702259E-03	9.331759E-03	9.969691E-03	9.436753E-03	1.017445E-02	9.362212E-03	9.474740E-03	9.194088E-03	8.853098E-03	8.638878E-03	8.472218E-03	8.220641E-03	7.942642E-03	7.602718E-03	7.106827E-03	6.417501E-03	5.354800E-03	

0.000000E+00	0.000000E+00	0.000000E+00	0.000000E+00	0.000000E+00	0.000000E+00	0.000000E+00	0.000000E+00	0.000000E+00	0.000000E+00	0.000000E+00	0.000000E+00	0.000000E+00	1.794787E-02	1.705352E-02	1.661920E-02	1.583648E-02	1.516551E-02	1.497726E-02	1.469134E-02	1.447785E-02	1.391831E-02	1.329287E-02	1.273505E-02	1.307969E-02	1.274595E-02	1.245337E-02	1.215822E-02	1.173144E-02	1.137099E-02	1.095556E-02	1.139939E-02	1.107391E-02	1.076750E-02	1.047851E-02	1.022561E-02	1.086773E-02	1.066488E-02	1.057643E-02	1.030637E-02	9.981452E-03	9.733655E-03	1.034835E-02	1.028322E-02	1.005215E-02	9.687815E-03	9.320556E-03	9.961681E-03	9.430676E-03	1.017068E-02	9.359261E-03	9.472510E-03	9.192201E-03	8.851338E-03	8.637262E-03	8.470723E-03	8.219320E-03	7.941505E-03	7.601798E-03	7.106209E-03	6.417252E-03	5.354934E-03	

0.000000E+00	0.000000E+00	0.000000E+00	0.000000E+00	0.000000E+00	0.000000E+00	0.000000E+00	0.000000E+00	0.000000E+00	0.000000E+00	0.000000E+00	0.000000E+00	0.000000E+00	1.773860E-02	1.685465E-02	1.643130E-02	1.565910E-02	1.499682E-02	1.481605E-02	1.453725E-02	1.433045E-02	1.378337E-02	1.316926E-02	1.262142E-02	1.297428E-02	1.264846E-02	1.236300E-02	1.207443E-02	1.165639E-02	1.130350E-02	1.089681E-02	1.135007E-02	1.103223E-02	1.073224E-02	1.044862E-02	1.020030E-02	1.084692E-02	1.064751E-02	1.056247E-02	1.029773E-02	9.976616E-03	9.731944E-03	1.035003E-02	1.028749E-02	1.006017E-02	9.697833E-03	9.332791E-03	9.978535E-03	9.448020E-03	1.019202E-02	9.379289E-03	9.493516E-03	9.212799E-03	8.871161E-03	8.656670E-03	8.489820E-03	8.237950E-03	7.959626E-03	7.619312E-03	7.122851E-03	6.432642E-03	5.368182E-03	

0.000000E+00	0.000000E+00	0.000000E+00	0.000000E+00	0.000000E+00	0.000000E+00	0.000000E+00	0.000000E+00	0.000000E+00	0.000000E+00	0.000000E+00	0.000000E+00	0.000000E+00	1.755739E-02	1.668386E-02	1.627213E-02	1.551019E-02	1.485628E-02	1.468361E-02	1.441219E-02	1.421238E-02	1.367779E-02	1.307458E-02	1.253625E-02	1.289905E-02	1.258095E-02	1.230242E-02	1.202015E-02	1.161034E-02	1.126457E-02	1.086605E-02	1.133018E-02	1.101951E-02	1.072544E-02	1.044666E-02	1.020243E-02	1.085543E-02	1.065903E-02	1.057728E-02	1.031728E-02	9.999200E-03	9.757051E-03	1.038026E-02	1.032015E-02	1.009595E-02	9.734630E-03	9.370775E-03	1.002276E-02	9.491240E-03	1.024115E-02	9.424796E-03	9.540215E-03	9.258257E-03	8.914867E-03	8.699333E-03	8.531682E-03	8.278607E-03	7.998968E-03	7.657083E-03	7.158386E-03	6.465077E-03	5.395659E-03	

0.000000E+00	0.000000E+00	0.000000E+00	0.000000E+00	0.000000E+00	0.000000E+00	0.000000E+00	0.000000E+00	0.000000E+00	0.000000E+00	0.000000E+00	0.000000E+00	0.000000E+00	1.741128E-02	1.654753E-02	1.614765E-02	1.539526E-02	1.474910E-02	1.458500E-02	1.432106E-02	1.412843E-02	1.360610E-02	1.301317E-02	1.248372E-02	1.285824E-02	1.254759E-02	1.227572E-02	1.199939E-02	1.159722E-02	1.125803E-02	1.086701E-02	1.134391E-02	1.103985E-02	1.075110E-02	1.047654E-02	1.023585E-02	1.089732E-02	1.070344E-02	1.062481E-02	1.036888E-02	1.005292E-02	9.812598E-03	1.044286E-02	1.038497E-02	1.016317E-02	9.801722E-03	9.437872E-03	1.009782E-02	9.563621E-03	1.032150E-02	9.498932E-03	9.615713E-03	9.331556E-03	8.985314E-03	8.768019E-03	8.599006E-03	8.343871E-03	8.061984E-03	7.717413E-03	7.214915E-03	6.516406E-03	5.438871E-03	

0.000000E+00	0.000000E+00	0.000000E+00	0.000000E+00	0.000000E+00	0.000000E+00	0.000000E+00	0.000000E+00	0.000000E+00	0.000000E+00	0.000000E+00	0.000000E+00	0.000000E+00	1.730674E-02	1.645157E-02	1.606347E-02	1.531955E-02	1.468018E-02	1.452509E-02	1.426861E-02	1.408331E-02	1.357286E-02	1.298937E-02	1.246797E-02	1.285618E-02	1.255261E-02	1.228705E-02	1.201625E-02	1.162099E-02	1.128777E-02	1.090349E-02	1.139541E-02	1.109736E-02	1.081326E-02	1.054224E-02	1.030445E-02	1.097678E-02	1.078490E-02	1.070917E-02	1.045653E-02	1.014173E-02	9.902466E-03	1.054198E-02	1.048606E-02	1.026582E-02	9.903007E-03	9.537858E-03	1.020761E-02	9.668884E-03	1.043685E-02	9.605233E-03	9.723531E-03	9.436071E-03	9.085722E-03	8.865831E-03	8.694793E-03	8.436582E-03	8.151329E-03	7.802734E-03	7.294581E-03	6.588445E-03	5.499238E-03	

0.000000E+00	0.000000E+00	0.000000E+00	0.000000E+00	0.000000E+00	0.000000E+00	0.000000E+00	0.000000E+00	0.000000E+00	0.000000E+00	0.000000E+00	0.000000E+00	0.000000E+00	1.724745E-02	1.639968E-02	1.602340E-02	1.528688E-02	1.465336E-02	1.450775E-02	1.425879E-02	1.408099E-02	1.358209E-02	1.300722E-02	1.249309E-02	1.289725E-02	1.260042E-02	1.234086E-02	1.207517E-02	1.168610E-02	1.135821E-02	1.097990E-02	1.148941E-02	1.119672E-02	1.091655E-02	1.064830E-02	1.041272E-02	1.109875E-02	1.090823E-02	1.083514E-02	1.058490E-02	1.027013E-02	1.003105E-02	1.068233E-02	1.062802E-02	1.040826E-02	1.004268E-02	9.674713E-03	1.035638E-02	9.810938E-03	1.059115E-02	9.747282E-03	9.867102E-03	9.575077E-03	9.219249E-03	8.995821E-03	8.822010E-03	8.559570E-03	8.269687E-03	7.915565E-03	7.399690E-03	6.683241E-03	5.578449E-03	

0.000000E+00	0.000000E+00	0.000000E+00	0.000000E+00	0.000000E+00	0.000000E+00	0.000000E+00	0.000000E+00	0.000000E+00	0.000000E+00	0.000000E+00	0.000000E+00	0.000000E+00	1.723787E-02	1.639627E-02	1.603190E-02	1.530164E-02	1.467297E-02	1.453733E-02	1.429591E-02	1.412578E-02	1.363809E-02	1.307102E-02	1.256334E-02	1.298596E-02	1.269556E-02	1.244170E-02	1.218069E-02	1.179706E-02	1.147385E-02	1.110067E-02	1.163053E-02	1.134248E-02	1.106547E-02	1.079917E-02	1.056503E-02	1.126783E-02	1.107801E-02	1.100723E-02	1.075835E-02	1.044237E-02	1.020248E-02	1.086838E-02	1.081529E-02	1.059481E-02	1.022483E-02	9.852298E-03	1.054809E-02	9.993479E-03	1.078829E-02	9.928529E-03	1.004995E-02	9.751920E-03	9.389021E-03	9.160987E-03	8.983558E-03	8.715601E-03	8.419689E-03	8.058399E-03	7.532574E-03	6.802934E-03	5.678346E-03	

0.000000E+00	0.000000E+00	0.000000E+00	0.000000E+00	0.000000E+00	0.000000E+00	0.000000E+00	0.000000E+00	0.000000E+00	0.000000E+00	0.000000E+00	0.000000E+00	0.000000E+00	1.727458E-02	1.643847E-02	1.608642E-02	1.536159E-02	1.473703E-02	1.461188E-02	1.437812E-02	1.421590E-02	1.373925E-02	1.317934E-02	1.267746E-02	1.312136E-02	1.283716E-02	1.258879E-02	1.233211E-02	1.195325E-02	1.163412E-02	1.126529E-02	1.181810E-02	1.153409E-02	1.125953E-02	1.099441E-02	1.076101E-02	1.148369E-02	1.129394E-02	1.122539E-02	1.097709E-02	1.065864E-02	1.041700E-02	1.110058E-02	1.104843E-02	1.082621E-02	1.045023E-02	1.007150E-02	1.078444E-02	1.021812E-02	1.103086E-02	1.015132E-02	1.027483E-02	9.969547E-03	9.598025E-03	9.364458E-03	9.182709E-03	8.908203E-03	8.605153E-03	8.235355E-03	7.697597E-03	6.951899E-03	5.802878E-03	

0.000000E+00	0.000000E+00	0.000000E+00	0.000000E+00	0.000000E+00	0.000000E+00	0.000000E+00	0.000000E+00	0.000000E+00	0.000000E+00	0.000000E+00	0.000000E+00	0.000000E+00	1.733926E-02	1.650901E-02	1.616995E-02	1.545054E-02	1.483006E-02	1.471611E-02	1.449036E-02	1.433643E-02	1.387106E-02	1.331815E-02	1.282180E-02	1.328883E-02	1.301077E-02	1.276780E-02	1.251525E-02	1.214075E-02	1.182533E-02	1.146033E-02	1.203795E-02	1.175756E-02	1.148496E-02	1.122044E-02	1.098723E-02	1.173190E-02	1.154174E-02	1.147541E-02	1.122713E-02	1.090528E-02	1.066116E-02	1.136458E-02	1.131333E-02	1.108880E-02	1.070562E-02	1.031949E-02	1.105186E-02	1.047209E-02	1.130538E-02	1.040349E-02	1.052965E-02	1.021636E-02	9.835238E-03	9.595579E-03	9.409093E-03	9.127436E-03	8.816594E-03	8.437467E-03	7.886466E-03	7.122675E-03	5.945791E-03	

0.000000E+00	0.000000E+00	0.000000E+00	0.000000E+00	0.000000E+00	0.000000E+00	0.000000E+00	0.000000E+00	0.000000E+00	0.000000E+00	0.000000E+00	0.000000E+00	0.000000E+00	1.743138E-02	1.660749E-02	1.628213E-02	1.556820E-02	1.495183E-02	1.484992E-02	1.463264E-02	1.448746E-02	1.403368E-02	1.348759E-02	1.299650E-02	1.348852E-02	1.321652E-02	1.297884E-02	1.273020E-02	1.235961E-02	1.204747E-02	1.168574E-02	1.229001E-02	1.201276E-02	1.174155E-02	1.147701E-02	1.124342E-02	1.201224E-02	1.182115E-02	1.175690E-02	1.150796E-02	1.118175E-02	1.093443E-02	1.165974E-02	1.160909E-02	1.138140E-02	1.098990E-02	1.059521E-02	1.134923E-02	1.075425E-02	1.161057E-02	1.068364E-02	1.081285E-02	1.049068E-02	1.009888E-02	9.852479E-03	9.660763E-03	9.371236E-03	9.051843E-03	8.662487E-03	8.096936E-03	7.313173E-03	6.105369E-03	

0.000000E+00	0.000000E+00	0.000000E+00	0.000000E+00	0.000000E+00	0.000000E+00	0.000000E+00	0.000000E+00	0.000000E+00	0.000000E+00	0.000000E+00	0.000000E+00	0.000000E+00	1.755357E-02	1.673659E-02	1.642575E-02	1.571736E-02	1.510511E-02	1.501619E-02	1.480788E-02	1.467196E-02	1.423009E-02	1.369059E-02	1.320443E-02	1.372354E-02	1.345749E-02	1.322497E-02	1.297997E-02	1.261280E-02	1.230348E-02	1.194437E-02	1.257739E-02	1.230274E-02	1.203233E-02	1.176708E-02	1.153248E-02	1.232793E-02	1.213536E-02	1.207303E-02	1.182269E-02	1.149110E-02	1.123978E-02	1.198930E-02	1.193899E-02	1.170729E-02	1.130624E-02	1.090172E-02	1.167977E-02	1.106768E-02	1.194980E-02	1.099494E-02	1.112769E-02	1.079570E-02	1.039207E-02	1.013822E-02	9.940745E-03	9.642570E-03	9.313792E-03	8.913203E-03	8.331618E-03	7.525734E-03	6.283534E-03	

0.000000E+00	0.000000E+00	0.000000E+00	0.000000E+00	0.000000E+00	0.000000E+00	0.000000E+00	0.000000E+00	0.000000E+00	0.000000E+00	0.000000E+00	0.000000E+00	0.000000E+00	1.770751E-02	1.689811E-02	1.660275E-02	1.589996E-02	1.529185E-02	1.521696E-02	1.501816E-02	1.489207E-02	1.446245E-02	1.392931E-02	1.344772E-02	1.399618E-02	1.373595E-02	1.350846E-02	1.326684E-02	1.290255E-02	1.259555E-02	1.223838E-02	1.290237E-02	1.262976E-02	1.235949E-02	1.209283E-02	1.185655E-02	1.268128E-02	1.248664E-02	1.242608E-02	1.217356E-02	1.183548E-02	1.157933E-02	1.235568E-02	1.230550E-02	1.206895E-02	1.165698E-02	1.124126E-02	1.204600E-02	1.141478E-02	1.232571E-02	1.133986E-02	1.147673E-02	1.113394E-02	1.071726E-02	1.045524E-02	1.025145E-02	9.943825E-03	9.604799E-03	9.191933E-03	8.592746E-03	7.762433E-03	6.482053E-03	

0.000000E+00	0.000000E+00	0.000000E+00	0.000000E+00	0.000000E+00	0.000000E+00	0.000000E+00	0.000000E+00	0.000000E+00	0.000000E+00	0.000000E+00	0.000000E+00	0.000000E+00	1.789516E-02	1.709403E-02	1.681516E-02	1.611802E-02	1.551404E-02	1.545426E-02	1.526554E-02	1.514986E-02	1.473283E-02	1.420576E-02	1.372833E-02	1.430856E-02	1.405401E-02	1.383139E-02	1.359284E-02	1.323085E-02	1.292563E-02	1.256965E-02	1.326701E-02	1.299585E-02	1.272503E-02	1.245618E-02	1.221752E-02	1.307442E-02	1.287710E-02	1.281808E-02	1.256252E-02	1.221682E-02	1.195496E-02	1.276088E-02	1.271064E-02	1.246837E-02	1.204407E-02	1.161572E-02	1.244997E-02	1.179747E-02	1.274041E-02	1.172033E-02	1.186192E-02	1.150732E-02	1.107630E-02	1.080533E-02	1.059466E-02	1.027673E-02	9.926541E-03	9.500293E-03	8.881840E-03	8.024651E-03	6.702086E-03	

0.000000E+00	0.000000E+00	0.000000E+00	0.000000E+00	0.000000E+00	0.000000E+00	0.000000E+00	0.000000E+00	0.000000E+00	0.000000E+00	0.000000E+00	0.000000E+00	0.000000E+00	1.811755E-02	1.732556E-02	1.706434E-02	1.637296E-02	1.577314E-02	1.572968E-02	1.555168E-02	1.544705E-02	1.504302E-02	1.452173E-02	1.404804E-02	1.466259E-02	1.441357E-02	1.419566E-02	1.395987E-02	1.359956E-02	1.329555E-02	1.293998E-02	1.367329E-02	1.340296E-02	1.313090E-02	1.285905E-02	1.261727E-02	1.350949E-02	1.330883E-02	1.325100E-02	1.299138E-02	1.263692E-02	1.236846E-02	1.320700E-02	1.315651E-02	1.290764E-02	1.246946E-02	1.202693E-02	1.289361E-02	1.221752E-02	1.319589E-02	1.213809E-02	1.228502E-02	1.191748E-02	1.147072E-02	1.118998E-02	1.097178E-02	1.064263E-02	1.028031E-02	9.839522E-03	9.200083E-03	8.313508E-03	6.944636E-03	

0.000000E+00	0.000000E+00	0.000000E+00	0.000000E+00	0.000000E+00	0.000000E+00	0.000000E+00	0.000000E+00	0.000000E+00	0.000000E+00	0.000000E+00	0.000000E+00	0.000000E+00	1.837610E-02	1.759422E-02	1.735193E-02	1.666641E-02	1.607077E-02	1.604493E-02	1.587831E-02	1.578542E-02	1.539478E-02	1.487893E-02	1.440851E-02	1.506003E-02	1.481636E-02	1.460298E-02	1.436960E-02	1.401034E-02	1.370693E-02	1.335094E-02	1.412289E-02	1.385272E-02	1.357866E-02	1.330297E-02	1.305730E-02	1.398815E-02	1.378349E-02	1.372644E-02	1.346167E-02	1.309728E-02	1.282131E-02	1.369570E-02	1.364480E-02	1.338842E-02	1.293480E-02	1.247649E-02	1.337877E-02	1.267666E-02	1.369391E-02	1.259478E-02	1.274775E-02	1.236610E-02	1.190216E-02	1.161077E-02	1.138440E-02	1.104309E-02	1.066762E-02	1.021108E-02	9.548849E-03	8.630255E-03	7.210754E-03	

0.000000E+00	0.000000E+00	0.000000E+00	0.000000E+00	0.000000E+00	0.000000E+00	0.000000E+00	0.000000E+00	0.000000E+00	0.000000E+00	0.000000E+00	0.000000E+00	0.000000E+00	1.867233E-02	1.790161E-02	1.767959E-02	1.700005E-02	1.640858E-02	1.640168E-02	1.624713E-02	1.616668E-02	1.578980E-02	1.527902E-02	1.481134E-02	1.550259E-02	1.526405E-02	1.505500E-02	1.482365E-02	1.446473E-02	1.416127E-02	1.380396E-02	1.461737E-02	1.434666E-02	1.406980E-02	1.378939E-02	1.353902E-02	1.451216E-02	1.430278E-02	1.424612E-02	1.397511E-02	1.359955E-02	1.331511E-02	1.422870E-02	1.417722E-02	1.391244E-02	1.344173E-02	1.296602E-02	1.390717E-02	1.317659E-02	1.423668E-02	1.309245E-02	1.325217E-02	1.285522E-02	1.237259E-02	1.206968E-02	1.183447E-02	1.148000E-02	1.109034E-02	1.061678E-02	9.929877E-03	8.976486E-03	7.501785E-03	

0.000000E+00	0.000000E+00	0.000000E+00	0.000000E+00	0.000000E+00	0.000000E+00	0.000000E+00	0.000000E+00	0.000000E+00	0.000000E+00	0.000000E+00	0.000000E+00	0.000000E+00	1.900722E-02	1.824892E-02	1.804871E-02	1.737530E-02	1.678802E-02	1.680148E-02	1.665973E-02	1.659245E-02	1.622974E-02	1.572360E-02	1.525809E-02	1.599192E-02	1.575828E-02	1.555332E-02	1.532361E-02	1.496429E-02	1.466010E-02	1.430055E-02	1.515850E-02	1.488652E-02	1.460603E-02	1.431998E-02	1.406407E-02	1.508336E-02	1.486854E-02	1.481199E-02	1.453371E-02	1.414568E-02	1.385178E-02	1.480817E-02	1.475600E-02	1.448194E-02	1.399249E-02	1.349774E-02	1.448148E-02	1.371994E-02	1.482699E-02	1.363387E-02	1.380128E-02	1.338787E-02	1.288503E-02	1.256968E-02	1.232495E-02	1.195635E-02	1.155142E-02	1.105951E-02	1.034588E-02	9.354627E-03	7.819692E-03	

0.000000E+00	0.000000E+00	0.000000E+00	0.000000E+00	0.000000E+00	0.000000E+00	0.000000E+00	0.000000E+00	0.000000E+00	0.000000E+00	0.000000E+00	0.000000E+00	0.000000E+00	1.938243E-02	1.863785E-02	1.846106E-02	1.779388E-02	1.721075E-02	1.724605E-02	1.711783E-02	1.706447E-02	1.671629E-02	1.621431E-02	1.575032E-02	1.652963E-02	1.630060E-02	1.609949E-02	1.587097E-02	1.551048E-02	1.520484E-02	1.484205E-02	1.574770E-02	1.547366E-02	1.518867E-02	1.489603E-02	1.463374E-02	1.570332E-02	1.548233E-02	1.542566E-02	1.513909E-02	1.473723E-02	1.443285E-02	1.543561E-02	1.538263E-02	1.509844E-02	1.458856E-02	1.407314E-02	1.510330E-02	1.430830E-02	1.546693E-02	1.422098E-02	1.439701E-02	1.396591E-02	1.344128E-02	1.311258E-02	1.285762E-02	1.247386E-02	1.205253E-02	1.154089E-02	1.079839E-02	9.766073E-03	8.165647E-03	

0.000000E+00	0.000000E+00	0.000000E+00	0.000000E+00	0.000000E+00	0.000000E+00	0.000000E+00	0.000000E+00	0.000000E+00	0.000000E+00	0.000000E+00	0.000000E+00	0.000000E+00	1.979929E-02	1.906980E-02	1.891812E-02	1.825728E-02	1.767825E-02	1.773687E-02	1.762291E-02	1.758423E-02	1.725091E-02	1.675255E-02	1.628938E-02	1.711718E-02	1.689244E-02	1.669490E-02	1.646710E-02	1.610464E-02	1.579679E-02	1.542973E-02	1.638647E-02	1.610941E-02	1.581891E-02	1.551870E-02	1.524915E-02	1.637355E-02	1.614562E-02	1.608862E-02	1.579272E-02	1.537559E-02	1.505964E-02	1.611259E-02	1.605870E-02	1.576347E-02	1.523133E-02	1.469347E-02	1.577408E-02	1.494295E-02	1.615777E-02	1.485494E-02	1.504066E-02	1.459064E-02	1.404260E-02	1.369959E-02	1.343371E-02	1.303375E-02	1.259493E-02	1.206218E-02	1.128867E-02	1.021206E-02	8.540762E-03	

0.000000E+00	0.000000E+00	0.000000E+00	0.000000E+00	0.000000E+00	0.000000E+00	0.000000E+00	0.000000E+00	0.000000E+00	0.000000E+00	0.000000E+00	0.000000E+00	0.000000E+00	2.025943E-02	1.954651E-02	1.942179E-02	1.876736E-02	1.819230E-02	1.827576E-02	1.817679E-02	1.815353E-02	1.783535E-02	1.733999E-02	1.687687E-02	1.775616E-02	1.753535E-02	1.734107E-02	1.711350E-02	1.674821E-02	1.643738E-02	1.606497E-02	1.707638E-02	1.679509E-02	1.649785E-02	1.618905E-02	1.591137E-02	1.709523E-02	1.685957E-02	1.680202E-02	1.649568E-02	1.606177E-02	1.573308E-02	1.683996E-02	1.678499E-02	1.647769E-02	1.592131E-02	1.535901E-02	1.649399E-02	1.562381E-02	1.689955E-02	1.553541E-02	1.573178E-02	1.526150E-02	1.468832E-02	1.433001E-02	1.405246E-02	1.363527E-02	1.317785E-02	1.262269E-02	1.181619E-02	1.069227E-02	8.944998E-03	

0.000000E+00	0.000000E+00	0.000000E+00	0.000000E+00	0.000000E+00	0.000000E+00	0.000000E+00	0.000000E+00	0.000000E+00	0.000000E+00	0.000000E+00	0.000000E+00	0.000000E+00	2.076469E-02	2.006989E-02	1.997404E-02	1.932600E-02	1.875471E-02	1.886450E-02	1.878120E-02	1.877405E-02	1.847121E-02	1.797815E-02	1.751419E-02	1.844810E-02	1.823079E-02	1.803942E-02	1.781154E-02	1.744252E-02	1.712787E-02	1.674899E-02	1.781896E-02	1.753223E-02	1.722702E-02	1.690860E-02	1.662190E-02	1.787030E-02	1.762612E-02	1.756784E-02	1.724999E-02	1.679776E-02	1.645516E-02	1.761993E-02	1.756378E-02	1.724344E-02	1.666084E-02	1.607216E-02	1.726582E-02	1.635367E-02	1.769545E-02	1.626549E-02	1.647363E-02	1.598171E-02	1.538162E-02	1.500697E-02	1.471700E-02	1.428148E-02	1.380428E-02	1.322529E-02	1.238361E-02	1.120908E-02	9.380267E-03	

0.000000E+00	0.000000E+00	0.000000E+00	0.000000E+00	0.000000E+00	0.000000E+00	0.000000E+00	0.000000E+00	0.000000E+00	0.000000E+00	0.000000E+00	0.000000E+00	0.000000E+00	2.132276E-02	2.064731E-02	2.058221E-02	1.994025E-02	1.937224E-02	1.950986E-02	1.944285E-02	1.945247E-02	1.916501E-02	1.867330E-02	1.820743E-02	1.919938E-02	1.898506E-02	1.879617E-02	1.856734E-02	1.819355E-02	1.787415E-02	1.748754E-02	1.862062E-02	1.832719E-02	1.801274E-02	1.768358E-02	1.738688E-02	1.870537E-02	1.845182E-02	1.839267E-02	1.806221E-02	1.759001E-02	1.723229E-02	1.845945E-02	1.840207E-02	1.806778E-02	1.745686E-02	1.683977E-02	1.809708E-02	1.713984E-02	1.855339E-02	1.705269E-02	1.727388E-02	1.675880E-02	1.612980E-02	1.573765E-02	1.543437E-02	1.497922E-02	1.448085E-02	1.387630E-02	1.299679E-02	1.176766E-02	9.850784E-03	

0.000000E+00	0.000000E+00	0.000000E+00	0.000000E+00	0.000000E+00	0.000000E+00	0.000000E+00	0.000000E+00	0.000000E+00	0.000000E+00	0.000000E+00	0.000000E+00	0.000000E+00	2.193702E-02	2.128213E-02	2.124973E-02	2.061344E-02	2.004811E-02	2.021502E-02	2.016485E-02	2.019186E-02	1.991970E-02	1.942830E-02	1.895933E-02	2.001291E-02	1.980100E-02	1.961411E-02	1.938367E-02	1.900402E-02	1.867888E-02	1.828326E-02	1.948454E-02	1.918331E-02	1.885842E-02	1.851735E-02	1.820964E-02	1.960394E-02	1.934018E-02	1.928006E-02	1.893593E-02	1.844217E-02	1.806814E-02	1.936239E-02	1.930384E-02	1.895478E-02	1.831354E-02	1.766614E-02	1.899276E-02	1.798730E-02	1.947921E-02	1.790256E-02	1.813814E-02	1.759829E-02	1.693826E-02	1.652735E-02	1.620981E-02	1.573362E-02	1.521250E-02	1.458040E-02	1.366000E-02	1.237177E-02	1.035954E-02	

0.000000E+00	0.000000E+00	0.000000E+00	0.000000E+00	0.000000E+00	0.000000E+00	0.000000E+00	0.000000E+00	0.000000E+00	0.000000E+00	0.000000E+00	0.000000E+00	0.000000E+00	2.260536E-02	2.197241E-02	2.197478E-02	2.134379E-02	2.078057E-02	2.097813E-02	2.094532E-02	2.099026E-02	2.073330E-02	2.024121E-02	1.976798E-02	2.088672E-02	2.067667E-02	2.049129E-02	2.025855E-02	1.987191E-02	1.954005E-02	1.913413E-02	2.040896E-02	2.009888E-02	1.976239E-02	1.940827E-02	1.908855E-02	2.056430E-02	2.028948E-02	2.022834E-02	1.986956E-02	1.935263E-02	1.896113E-02	2.032728E-02	2.026764E-02	1.990307E-02	1.922953E-02	1.854999E-02	1.995147E-02	1.889483E-02	2.047142E-02	1.881395E-02	1.906544E-02	1.849933E-02	1.780623E-02	1.737536E-02	1.704265E-02	1.654408E-02	1.599868E-02	1.533712E-02	1.437280E-02	1.302096E-02	1.090611E-02	

0.000000E+00	0.000000E+00	0.000000E+00	0.000000E+00	0.000000E+00	0.000000E+00	0.000000E+00	0.000000E+00	0.000000E+00	0.000000E+00	0.000000E+00	0.000000E+00	0.000000E+00	2.333143E-02	2.272160E-02	2.276074E-02	2.213447E-02	2.157262E-02	2.180215E-02	2.178714E-02	2.185050E-02	2.160854E-02	2.111463E-02	2.063586E-02	2.182357E-02	2.161477E-02	2.143025E-02	2.119439E-02	2.079933E-02	2.045956E-02	2.004201E-02	2.139627E-02	2.107617E-02	2.072682E-02	2.035836E-02	2.002548E-02	2.158827E-02	2.130143E-02	2.123916E-02	2.086453E-02	2.032258E-02	1.991227E-02	2.135512E-02	2.129431E-02	2.091319E-02	2.020512E-02	1.949129E-02	2.097333E-02	1.986222E-02	2.153031E-02	1.978667E-02	2.005556E-02	1.946164E-02	1.873339E-02	1.828136E-02	1.793258E-02	1.741035E-02	1.683930E-02	1.614653E-02	1.513556E-02	1.371593E-02	1.149144E-02	

0.000000E+00	0.000000E+00	0.000000E+00	0.000000E+00	0.000000E+00	0.000000E+00	0.000000E+00	0.000000E+00	0.000000E+00	0.000000E+00	0.000000E+00	0.000000E+00	0.000000E+00	2.411987E-02	2.353413E-02	2.361200E-02	2.298969E-02	2.242826E-02	2.269099E-02	2.269411E-02	2.277628E-02	2.254899E-02	2.205204E-02	2.156634E-02	2.282703E-02	2.261883E-02	2.243432E-02	2.219432E-02	2.178904E-02	2.143995E-02	2.100931E-02	2.244934E-02	2.211795E-02	2.175428E-02	2.137000E-02	2.102262E-02	2.267803E-02	2.237800E-02	2.231433E-02	2.192232E-02	2.135311E-02	2.092227E-02	2.244669E-02	2.238439E-02	2.198517E-02	2.123986E-02	2.048906E-02	2.205716E-02	2.088779E-02	2.265410E-02	2.081862E-02	2.110658E-02	2.048325E-02	1.971770E-02	1.924333E-02	1.887764E-02	1.833059E-02	1.773271E-02	1.700733E-02	1.594748E-02	1.445645E-02	1.211580E-02	

0.000000E+00	0.000000E+00	0.000000E+00	0.000000E+00	0.000000E+00	0.000000E+00	0.000000E+00	0.000000E+00	0.000000E+00	0.000000E+00	0.000000E+00	0.000000E+00	0.000000E+00	2.497634E-02	2.441536E-02	2.453384E-02	2.391446E-02	2.335230E-02	2.364931E-02	2.367078E-02	2.377205E-02	2.355893E-02	2.305758E-02	2.256347E-02	2.390173E-02	2.369348E-02	2.350817E-02	2.326306E-02	2.284577E-02	2.248597E-02	2.204078E-02	2.357359E-02	2.322970E-02	2.285033E-02	2.244881E-02	2.208562E-02	2.383967E-02	2.352536E-02	2.346021E-02	2.304948E-02	2.245089E-02	2.199793E-02	2.360945E-02	2.354548E-02	2.312684E-02	2.234167E-02	2.155133E-02	2.321166E-02	2.198018E-02	2.385203E-02	2.191865E-02	2.222730E-02	2.157279E-02	2.076756E-02	2.026949E-02	1.988587E-02	1.931258E-02	1.868633E-02	1.792642E-02	1.681472E-02	1.524775E-02	1.278325E-02	

0.000000E+00	0.000000E+00	0.000000E+00	0.000000E+00	0.000000E+00	0.000000E+00	0.000000E+00	0.000000E+00	0.000000E+00	0.000000E+00	0.000000E+00	0.000000E+00	0.000000E+00	2.590792E-02	2.537191E-02	2.553266E-02	2.491486E-02	2.435055E-02	2.468288E-02	2.472282E-02	2.484338E-02	2.464382E-02	2.413659E-02	2.363242E-02	2.505356E-02	2.484460E-02	2.465774E-02	2.440655E-02	2.397556E-02	2.360370E-02	2.314250E-02	2.477567E-02	2.441817E-02	2.402183E-02	2.360174E-02	2.322157E-02	2.508068E-02	2.475111E-02	2.468457E-02	2.425406E-02	2.362414E-02	2.314766E-02	2.485244E-02	2.478683E-02	2.434770E-02	2.352018E-02	2.268789E-02	2.444760E-02	2.315002E-02	2.513548E-02	2.309756E-02	2.342861E-02	2.274080E-02	2.189314E-02	2.136973E-02	2.096692E-02	2.036554E-02	1.970886E-02	1.891187E-02	1.774445E-02	1.609594E-02	1.349856E-02	

0.000000E+00	0.000000E+00	0.000000E+00	0.000000E+00	0.000000E+00	0.000000E+00	0.000000E+00	0.000000E+00	0.000000E+00	0.000000E+00	0.000000E+00	0.000000E+00	0.000000E+00	2.692394E-02	2.641267E-02	2.661724E-02	2.599931E-02	2.543113E-02	2.579975E-02	2.585818E-02	2.599817E-02	2.581139E-02	2.529660E-02	2.478056E-02	2.629070E-02	2.608037E-02	2.589128E-02	2.563309E-02	2.518677E-02	2.480155E-02	2.432287E-02	2.606462E-02	2.569254E-02	2.527805E-02	2.483817E-02	2.443994E-02	2.641142E-02	2.606573E-02	2.599807E-02	2.554697E-02	2.488392E-02	2.438267E-02	2.618796E-02	2.612098E-02	2.566056E-02	2.478824E-02	2.391169E-02	2.577880E-02	2.441096E-02	2.651889E-02	2.436915E-02	2.472431E-02	2.400078E-02	2.310753E-02	2.255681E-02	2.213329E-02	2.150149E-02	2.081173E-02	1.997434E-02	1.874617E-02	1.700905E-02	1.426795E-02	

0.000000E+00	0.000000E+00	0.000000E+00	0.000000E+00	0.000000E+00	0.000000E+00	0.000000E+00	0.000000E+00	0.000000E+00	0.000000E+00	0.000000E+00	0.000000E+00	0.000000E+00	2.803641E-02	2.754912E-02	2.779890E-02	2.717872E-02	2.660465E-02	2.701049E-02	2.708732E-02	2.724682E-02	2.707181E-02	2.654749E-02	2.601752E-02	2.762406E-02	2.741164E-02	2.721961E-02	2.695339E-02	2.648988E-02	2.608978E-02	2.559190E-02	2.745093E-02	2.706308E-02	2.662908E-02	2.616794E-02	2.575034E-02	2.784224E-02	2.747937E-02	2.741083E-02	2.693808E-02	2.623979E-02	2.571228E-02	2.762609E-02	2.755798E-02	2.707524E-02	2.615531E-02	2.523185E-02	2.721542E-02	2.577258E-02	2.801295E-02	2.574322E-02	2.612439E-02	2.536245E-02	2.442011E-02	2.383994E-02	2.339403E-02	2.272928E-02	2.200359E-02	2.112218E-02	1.982786E-02	1.799446E-02	1.509770E-02	

0.000000E+00	0.000000E+00	0.000000E+00	0.000000E+00	0.000000E+00	0.000000E+00	0.000000E+00	0.000000E+00	0.000000E+00	0.000000E+00	0.000000E+00	0.000000E+00	0.000000E+00	2.926206E-02	2.879726E-02	2.909342E-02	2.846836E-02	2.788602E-02	2.833009E-02	2.842517E-02	2.860437E-02	2.843966E-02	2.790309E-02	2.735656E-02	2.906802E-02	2.885247E-02	2.865648E-02	2.838084E-02	2.789757E-02	2.748042E-02	2.696067E-02	2.894556E-02	2.853981E-02	2.808401E-02	2.759921E-02	2.716006E-02	2.938088E-02	2.899900E-02	2.892924E-02	2.843265E-02	2.769585E-02	2.713968E-02	2.917057E-02	2.910105E-02	2.859398E-02	2.762262E-02	2.664862E-02	2.875829E-02	2.723485E-02	2.961921E-02	2.722050E-02	2.763040E-02	2.682745E-02	2.583248E-02	2.522084E-02	2.475104E-02	2.405119E-02	2.328725E-02	2.235895E-02	2.099397E-02	1.905733E-02	1.599310E-02	

0.000000E+00	0.000000E+00	0.000000E+00	0.000000E+00	0.000000E+00	0.000000E+00	0.000000E+00	0.000000E+00	0.000000E+00	0.000000E+00	0.000000E+00	0.000000E+00	0.000000E+00	3.066799E-02	3.022288E-02	3.056724E-02	2.993323E-02	2.933895E-02	2.982345E-02	2.993695E-02	3.013663E-02	2.998037E-02	2.942745E-02	2.886042E-02	3.069008E-02	3.046992E-02	3.026851E-02	2.998141E-02	2.947457E-02	2.903704E-02	2.849126E-02	3.061494E-02	3.018786E-02	2.970648E-02	2.919400E-02	2.872967E-02	3.109329E-02	3.068923E-02	3.061740E-02	3.009292E-02	2.931199E-02	2.872291E-02	3.088427E-02	3.081258E-02	3.027734E-02	2.924793E-02	2.821698E-02	3.046763E-02	2.885405E-02	3.140002E-02	2.885779E-02	2.930051E-02	2.845244E-02	2.739929E-02	2.675305E-02	2.625709E-02	2.551891E-02	2.471336E-02	2.373404E-02	2.229188E-02	2.024166E-02	1.699188E-02	

0.000000E+00	0.000000E+00	0.000000E+00	0.000000E+00	0.000000E+00	0.000000E+00	0.000000E+00	0.000000E+00	0.000000E+00	0.000000E+00	0.000000E+00	0.000000E+00	0.000000E+00	3.227174E-02	3.184324E-02	3.223768E-02	3.159035E-02	3.098030E-02	3.150774E-02	3.163994E-02	3.186103E-02	3.171154E-02	3.113814E-02	3.054660E-02	3.250963E-02	3.228357E-02	3.207543E-02	3.177492E-02	3.124068E-02	3.077952E-02	3.020364E-02	3.248057E-02	3.202894E-02	3.151841E-02	3.097435E-02	3.048127E-02	3.300317E-02	3.257383E-02	3.249929E-02	3.194299E-02	3.111221E-02	3.048595E-02	3.279254E-02	3.271808E-02	3.215082E-02	3.105636E-02	2.996160E-02	3.236921E-02	3.065502E-02	3.338153E-02	3.067930E-02	3.115890E-02	3.026071E-02	2.914281E-02	2.845813E-02	2.793313E-02	2.715244E-02	2.630082E-02	2.526503E-02	2.373743E-02	2.156120E-02	1.810511E-02	

0.000000E+00	0.000000E+00	0.000000E+00	0.000000E+00	0.000000E+00	0.000000E+00	0.000000E+00	0.000000E+00	0.000000E+00	0.000000E+00	0.000000E+00	0.000000E+00	0.000000E+00	3.411920E-02	3.370340E-02	3.415012E-02	3.348421E-02	3.285390E-02	3.342786E-02	3.357954E-02	3.382348E-02	3.367955E-02	3.308139E-02	3.246094E-02	3.457615E-02	3.434317E-02	3.412722E-02	3.381148E-02	3.324604E-02	3.275816E-02	3.214836E-02	3.459710E-02	3.411824E-02	3.357532E-02	3.299604E-02	3.247081E-02	3.517118E-02	3.471355E-02	3.463617E-02	3.404441E-02	3.315775E-02	3.248982E-02	3.496044E-02	3.488298E-02	3.427973E-02	3.311207E-02	3.194537E-02	3.452975E-02	3.270168E-02	3.563074E-02	3.274716E-02	3.326739E-02	3.231195E-02	3.112038E-02	3.039175E-02	2.983346E-02	2.900389E-02	2.809920E-02	2.699839E-02	2.537281E-02	2.305291E-02	1.936272E-02	

0.000000E+00	0.000000E+00	0.000000E+00	0.000000E+00	0.000000E+00	0.000000E+00	0.000000E+00	0.000000E+00	0.000000E+00	0.000000E+00	0.000000E+00	0.000000E+00	0.000000E+00	3.630506E-02	3.589689E-02	3.639932E-02	3.570784E-02	3.505129E-02	3.567734E-02	3.585002E-02	3.611917E-02	3.597993E-02	3.535181E-02	3.469688E-02	3.699007E-02	3.674917E-02	3.652435E-02	3.619133E-02	3.559016E-02	3.507196E-02	3.442384E-02	3.707136E-02	3.656245E-02	3.598345E-02	3.536464E-02	3.480319E-02	3.771103E-02	3.722145E-02	3.714156E-02	3.651002E-02	3.555975E-02	3.484445E-02	3.750565E-02	3.742523E-02	3.678100E-02	3.552904E-02	3.427926E-02	3.706778E-02	3.510713E-02	3.826846E-02	3.517300E-02	3.573830E-02	3.471492E-02	3.343655E-02	3.265569E-02	3.205762E-02	3.116934E-02	3.020069E-02	2.902153E-02	2.727873E-02	2.478874E-02	2.082404E-02	

0.000000E+00	0.000000E+00	0.000000E+00	0.000000E+00	0.000000E+00	0.000000E+00	0.000000E+00	0.000000E+00	0.000000E+00	0.000000E+00	0.000000E+00	0.000000E+00	0.000000E+00	3.899704E-02	3.858969E-02	3.915357E-02	3.842649E-02	3.773487E-02	3.842217E-02	3.861856E-02	3.891693E-02	3.878117E-02	3.811496E-02	3.741683E-02	3.992468E-02	3.967371E-02	3.943787E-02	3.908391E-02	3.843963E-02	3.788507E-02	3.719111E-02	4.007668E-02	3.953248E-02	3.891102E-02	3.824548E-02	3.764116E-02	4.079935E-02	4.027192E-02	4.018946E-02	3.951095E-02	3.848495E-02	3.771331E-02	4.060438E-02	4.052079E-02	3.982768E-02	3.847453E-02	3.712473E-02	4.015820E-02	3.803713E-02	4.147563E-02	3.812321E-02	3.874095E-02	3.763411E-02	3.624978E-02	3.540471E-02	3.475759E-02	3.379658E-02	3.274849E-02	3.147209E-02	2.958458E-02	2.688630E-02	2.258791E-02	

0.000000E+00	0.000000E+00	0.000000E+00	0.000000E+00	0.000000E+00	0.000000E+00	0.000000E+00	0.000000E+00	0.000000E+00	0.000000E+00	0.000000E+00	0.000000E+00	0.000000E+00	4.223933E-02	4.182241E-02	4.245113E-02	4.167570E-02	4.093742E-02	4.169493E-02	4.191684E-02	4.224784E-02	4.211159E-02	4.139579E-02	4.064284E-02	4.340254E-02	4.313683E-02	4.288567E-02	4.250472E-02	4.180671E-02	4.120664E-02	4.045569E-02	4.361940E-02	4.303162E-02	4.235848E-02	4.163637E-02	4.098036E-02	4.443487E-02	4.386208E-02	4.377603E-02	4.304120E-02	4.192529E-02	4.108684E-02	4.425046E-02	4.416328E-02	4.341281E-02	4.194040E-02	4.047321E-02	4.379848E-02	4.148896E-02	4.525911E-02	4.160402E-02	4.228520E-02	4.108071E-02	3.957191E-02	3.865166E-02	3.794715E-02	3.690119E-02	3.576031E-02	3.437019E-02	3.231287E-02	2.936919E-02	2.467651E-02	

0.000000E+00	0.000000E+00	0.000000E+00	0.000000E+00	0.000000E+00	0.000000E+00	0.000000E+00	0.000000E+00	0.000000E+00	0.000000E+00	0.000000E+00	0.000000E+00	0.000000E+00	4.725274E-02	4.681060E-02	4.753181E-02	4.667643E-02	4.586076E-02	4.672377E-02	4.698234E-02	4.736167E-02	4.721934E-02	4.642203E-02	4.558080E-02	4.871324E-02	4.841989E-02	4.814124E-02	4.771505E-02	4.693065E-02	4.625651E-02	4.541302E-02	4.898832E-02	4.832902E-02	4.757293E-02	4.676093E-02	4.602325E-02	4.992300E-02	4.927901E-02	4.918465E-02	4.836037E-02	4.710549E-02	4.616354E-02	4.973747E-02	4.964320E-02	4.880371E-02	4.714924E-02	4.550313E-02	4.926932E-02	4.667467E-02	5.094724E-02	4.683626E-02	4.761558E-02	4.626497E-02	4.456937E-02	4.353677E-02	4.274674E-02	4.157450E-02	4.029598E-02	3.873720E-02	3.642704E-02	3.311600E-02	2.783027E-02	

0.000000E+00	0.000000E+00	0.000000E+00	0.000000E+00	0.000000E+00	0.000000E+00	0.000000E+00	0.000000E+00	0.000000E+00	0.000000E+00	0.000000E+00	0.000000E+00	0.000000E+00	5.582958E-02	5.533259E-02	5.620377E-02	5.520624E-02	5.425306E-02	5.529383E-02	5.561278E-02	5.607331E-02	5.591685E-02	5.497703E-02	5.398290E-02	5.773486E-02	5.739085E-02	5.706281E-02	5.655730E-02	5.562419E-02	5.482185E-02	5.381815E-02	5.808048E-02	5.729673E-02	5.639744E-02	5.543085E-02	5.455302E-02	5.920148E-02	5.843554E-02	5.832494E-02	5.734638E-02	5.585468E-02	5.473602E-02	5.899981E-02	5.889180E-02	5.789955E-02	5.593583E-02	5.398557E-02	5.849229E-02	5.541488E-02	6.053106E-02	5.565075E-02	5.659469E-02	5.499744E-02	5.298692E-02	5.176498E-02	5.083086E-02	4.944597E-02	4.793585E-02	4.609353E-02	4.335817E-02	3.942888E-02	3.314428E-02	

0.000000E+00	0.000000E+00	0.000000E+00	0.000000E+00	0.000000E+00	0.000000E+00	0.000000E+00	0.000000E+00	0.000000E+00	0.000000E+00	0.000000E+00	0.000000E+00	0.000000E+00	7.160427E-02	7.099744E-02	7.214056E-02	7.087925E-02	6.967181E-02	7.104224E-02	7.147451E-02	7.208759E-02	7.191021E-02	7.071281E-02	6.944213E-02	7.432681E-02	7.389315E-02	7.347802E-02	7.283059E-02	7.163062E-02	7.059804E-02	6.930599E-02	7.483083E-02	7.382327E-02	7.266500E-02	7.141802E-02	7.028575E-02	7.630768E-02	7.531974E-02	7.518022E-02	7.392024E-02	7.199545E-02	7.055318E-02	7.608006E-02	7.594613E-02	7.467223E-02	7.213971E-02	6.962853E-02	7.548501E-02	7.151710E-02	7.816825E-02	7.187009E-02	7.310908E-02	7.105435E-02	6.846219E-02	6.688940E-02	6.568793E-02	6.390798E-02	6.196756E-02	5.959914E-02	5.607733E-02	5.100865E-02	4.288835E-02	

0.000000E+00	0.000000E+00	0.000000E+00	0.000000E+00	0.000000E+00	0.000000E+00	0.000000E+00	0.000000E+00	0.000000E+00	0.000000E+00	0.000000E+00	0.000000E+00	0.000000E+00	9.717477E-02	9.637878E-02	9.795901E-02	9.626846E-02	9.464992E-02	9.656700E-02	9.719213E-02	9.806313E-02	9.786758E-02	9.626459E-02	9.455684E-02	1.012993E-01	1.007322E-01	1.001870E-01	9.931933E-02	9.770043E-02	9.630659E-02	9.456107E-02	1.021601E-01	1.008025E-01	9.923448E-02	9.754090E-02	9.600280E-02	1.042711E-01	1.029278E-01	1.027467E-01	1.010370E-01	9.841308E-02	9.644836E-02	1.040374E-01	1.038638E-01	1.021343E-01	9.867605E-02	9.525070E-02	1.033026E-01	9.787877E-02	1.070228E-01	9.840403E-02	1.001154E-01	9.730802E-02	9.376195E-02	9.161213E-02	8.997035E-02	8.753902E-02	8.488887E-02	8.165350E-02	7.683919E-02	6.990371E-02	5.878305E-02	

0.000000E+00	0.000000E+00	0.000000E+00	0.000000E+00	0.000000E+00	0.000000E+00	0.000000E+00	0.000000E+00	0.000000E+00	0.000000E+00	0.000000E+00	0.000000E+00	0.000000E+00	1.300760E-01	1.290304E-01	1.311780E-01	1.289381E-01	1.267970E-01	1.294495E-01	1.303456E-01	1.315738E-01	1.313896E-01	1.292885E-01	1.270396E-01	1.362348E-01	1.355196E-01	1.348288E-01	1.336957E-01	1.315612E-01	1.297230E-01	1.274179E-01	1.377579E-01	1.359723E-01	1.338936E-01	1.316375E-01	1.295872E-01	1.408031E-01	1.390090E-01	1.387849E-01	1.365070E-01	1.329851E-01	1.303497E-01	1.406402E-01	1.404219E-01	1.381077E-01	1.334471E-01	1.288334E-01	1.397510E-01	1.324244E-01	1.448168E-01	1.331581E-01	1.354767E-01	1.316789E-01	1.268806E-01	1.239713E-01	1.217492E-01	1.184585E-01	1.148719E-01	1.104935E-01	1.039795E-01	9.459611E-02	7.954938E-02	

0.000000E+00	0.000000E+00	0.000000E+00	0.000000E+00	0.000000E+00	0.000000E+00	0.000000E+00	0.000000E+00	0.000000E+00	0.000000E+00	0.000000E+00	0.000000E+00	0.000000E+00	1.625651E-01	1.612747E-01	1.639905E-01	1.612064E-01	1.585493E-01	1.619568E-01	1.631381E-01	1.647384E-01	1.645852E-01	1.619993E-01	1.592218E-01	1.708940E-01	1.700439E-01	1.692199E-01	1.678323E-01	1.651983E-01	1.629298E-01	1.600822E-01	1.731935E-01	1.709976E-01	1.684236E-01	1.656176E-01	1.630669E-01	1.772546E-01	1.750192E-01	1.747623E-01	1.719324E-01	1.675248E-01	1.642295E-01	1.772436E-01	1.769909E-01	1.741072E-01	1.682534E-01	1.624634E-01	1.762781E-01	1.670540E-01	1.827258E-01	1.680239E-01	1.709577E-01	1.661693E-01	1.601167E-01	1.564468E-01	1.536436E-01	1.494922E-01	1.449672E-01	1.394431E-01	1.312244E-01	1.193848E-01	1.003976E-01	

0.000000E+00	0.000000E+00	0.000000E+00	0.000000E+00	0.000000E+00	0.000000E+00	0.000000E+00	0.000000E+00	0.000000E+00	0.000000E+00	0.000000E+00	0.000000E+00	0.000000E+00	1.877224E-01	1.862369E-01	1.893888E-01	1.861646E-01	1.830888E-01	1.870876E-01	1.884861E-01	1.903731E-01	1.902249E-01	1.872358E-01	1.840234E-01	1.976301E-01	1.966598E-01	1.957203E-01	1.941227E-01	1.910848E-01	1.884688E-01	1.851861E-01	2.004747E-01	1.979540E-01	1.949908E-01	1.917543E-01	1.888135E-01	2.053484E-01	2.027712E-01	2.024945E-01	1.992433E-01	1.941526E-01	1.903518E-01	2.055266E-01	2.052614E-01	2.019559E-01	1.951864E-01	1.885025E-01	2.046479E-01	1.939658E-01	2.122763E-01	1.952183E-01	1.986692E-01	1.931247E-01	1.861031E-01	1.818500E-01	1.786022E-01	1.737940E-01	1.685526E-01	1.621505E-01	1.526155E-01	1.388643E-01	1.167926E-01	

0.000000E+00	0.000000E+00	0.000000E+00	0.000000E+00	0.000000E+00	0.000000E+00	0.000000E+00	0.000000E+00	0.000000E+00	0.000000E+00	0.000000E+00	0.000000E+00	0.000000E+00	2.039516E-01	2.023060E-01	2.057062E-01	2.021583E-01	1.987749E-01	2.031346E-01	2.046484E-01	2.066979E-01	2.065025E-01	2.032024E-01	1.996642E-01	2.144993E-01	2.134188E-01	2.123778E-01	2.106201E-01	2.072901E-01	2.044238E-01	2.008325E-01	2.175243E-01	2.147773E-01	2.115514E-01	2.080285E-01	2.048312E-01	2.229040E-01	2.201059E-01	2.198200E-01	2.163040E-01	2.107799E-01	2.066630E-01	2.232672E-01	2.230105E-01	2.194599E-01	2.121210E-01	2.048932E-01	2.226249E-01	2.110383E-01	2.311517E-01	2.126090E-01	2.164419E-01	2.104371E-01	2.028096E-01	1.981981E-01	1.946791E-01	1.894723E-01	1.837957E-01	1.768555E-01	1.664991E-01	1.515324E-01	1.274722E-01	

0.000000E+00	0.000000E+00	0.000000E+00	0.000000E+00	0.000000E+00	0.000000E+00	0.000000E+00	0.000000E+00	0.000000E+00	0.000000E+00	0.000000E+00	0.000000E+00	0.000000E+00	2.117985E-01	2.100480E-01	2.135406E-01	2.098049E-01	2.062435E-01	2.107626E-01	2.123135E-01	2.144252E-01	2.141687E-01	2.106795E-01	2.069495E-01	2.223643E-01	2.212063E-01	2.200961E-01	2.182425E-01	2.147480E-01	2.117413E-01	2.079805E-01	2.253496E-01	2.224812E-01	2.191201E-01	2.154528E-01	2.121284E-01	2.309627E-01	2.280581E-01	2.277708E-01	2.241327E-01	2.184055E-01	2.141439E-01	2.314660E-01	2.312265E-01	2.275788E-01	2.199813E-01	2.125163E-01	2.310782E-01	2.190818E-01	2.401428E-01	2.209089E-01	2.249629E-01	2.187561E-01	2.108496E-01	2.060779E-01	2.024391E-01	1.970581E-01	1.911906E-01	1.840108E-01	1.732770E-01	1.577350E-01	1.327139E-01	

0.000000E+00	0.000000E+00	0.000000E+00	0.000000E+00	0.000000E+00	0.000000E+00	0.000000E+00	0.000000E+00	0.000000E+00	0.000000E+00	0.000000E+00	0.000000E+00	0.000000E+00	2.144001E-01	2.126348E-01	2.161721E-01	2.123744E-01	2.087507E-01	2.133332E-01	2.148990E-01	2.170338E-01	2.167484E-01	2.131797E-01	2.093694E-01	2.249820E-01	2.237858E-01	2.226419E-01	2.207452E-01	2.171805E-01	2.141134E-01	2.102802E-01	2.278845E-01	2.249643E-01	2.215485E-01	2.178245E-01	2.144512E-01	2.335604E-01	2.306164E-01	2.303283E-01	2.266472E-01	2.208494E-01	2.165392E-01	2.341251E-01	2.338970E-01	2.302244E-01	2.225440E-01	2.150084E-01	2.338935E-01	2.217687E-01	2.432060E-01	2.237449E-01	2.278967E-01	2.216311E-01	2.136354E-01	2.088155E-01	2.051415E-01	1.997104E-01	1.937880E-01	1.865367E-01	1.756832E-01	1.599477E-01	1.345915E-01	

0.000000E+00	0.000000E+00	0.000000E+00	0.000000E+00	0.000000E+00	0.000000E+00	0.000000E+00	0.000000E+00	0.000000E+00	0.000000E+00	0.000000E+00	0.000000E+00	0.000000E+00	2.121011E-01	2.104043E-01	2.139345E-01	2.102004E-01	2.066330E-01	2.111858E-01	2.127482E-01	2.148698E-01	2.145945E-01	2.110625E-01	2.072891E-01	2.227205E-01	2.215293E-01	2.203895E-01	2.185054E-01	2.149666E-01	2.119197E-01	2.081115E-01	2.255022E-01	2.225972E-01	2.192043E-01	2.155082E-01	2.121603E-01	2.310493E-01	2.281286E-01	2.278354E-01	2.241813E-01	2.184367E-01	2.141655E-01	2.315524E-01	2.313207E-01	2.276798E-01	2.200775E-01	2.126191E-01	2.312924E-01	2.192987E-01	2.405013E-01	2.212550E-01	2.253637E-01	2.191683E-01	2.112615E-01	2.064959E-01	2.028635E-01	1.974943E-01	1.916398E-01	1.844719E-01	1.737421E-01	1.581837E-01	1.331097E-01	

0.000000E+00	0.000000E+00	0.000000E+00	0.000000E+00	0.000000E+00	0.000000E+00	0.000000E+00	0.000000E+00	0.000000E+00	0.000000E+00	0.000000E+00	0.000000E+00	0.000000E+00	2.119813E-01	2.103400E-01	2.138957E-01	2.102068E-01	2.066826E-01	2.112515E-01	2.128355E-01	2.149718E-01	2.147301E-01	2.112329E-01	2.074898E-01	2.228668E-01	2.216870E-01	2.205544E-01	2.186797E-01	2.151518E-01	2.121106E-01	2.083059E-01	2.256086E-01	2.226965E-01	2.192979E-01	2.155973E-01	2.122432E-01	2.310354E-01	2.281076E-01	2.277973E-01	2.241236E-01	2.183701E-01	2.140871E-01	2.313739E-01	2.311153E-01	2.274427E-01	2.198316E-01	2.123527E-01	2.308776E-01	2.188805E-01	2.399120E-01	2.206919E-01	2.247388E-01	2.185369E-01	2.106381E-01	2.058716E-01	2.022369E-01	1.968622E-01	1.910027E-01	1.838332E-01	1.731137E-01	1.575893E-01	1.325928E-01	

0.000000E+00	0.000000E+00	0.000000E+00	0.000000E+00	0.000000E+00	0.000000E+00	0.000000E+00	0.000000E+00	0.000000E+00	0.000000E+00	0.000000E+00	0.000000E+00	0.000000E+00	2.080235E-01	2.064036E-01	2.098512E-01	2.062364E-01	2.027906E-01	2.072401E-01	2.087802E-01	2.108574E-01	2.106090E-01	2.071863E-01	2.035246E-01	2.184902E-01	2.173260E-01	2.162067E-01	2.143657E-01	2.109040E-01	2.079170E-01	2.041789E-01	2.210018E-01	2.181302E-01	2.147868E-01	2.111511E-01	2.078543E-01	2.261327E-01	2.232547E-01	2.229279E-01	2.193044E-01	2.136594E-01	2.094513E-01	2.262619E-01	2.259781E-01	2.223467E-01	2.148857E-01	2.075420E-01	2.255138E-01	2.137671E-01	2.341720E-01	2.153871E-01	2.192816E-01	2.132049E-01	2.054827E-01	2.008169E-01	1.972573E-01	1.919917E-01	1.862522E-01	1.792346E-01	1.687556E-01	1.535998E-01	1.292198E-01	

0.000000E+00	0.000000E+00	0.000000E+00	0.000000E+00	0.000000E+00	0.000000E+00	0.000000E+00	0.000000E+00	0.000000E+00	0.000000E+00	0.000000E+00	0.000000E+00	0.000000E+00	1.920065E-01	1.903018E-01	1.932238E-01	1.897675E-01	1.865026E-01	1.904171E-01	1.917089E-01	1.934975E-01	1.931080E-01	1.898669E-01	1.864304E-01	1.998854E-01	1.987407E-01	1.976453E-01	1.959053E-01	1.926722E-01	1.898812E-01	1.863977E-01	2.015375E-01	1.988505E-01	1.957485E-01	1.923915E-01	1.893489E-01	2.058580E-01	2.032070E-01	2.028714E-01	1.995211E-01	1.943509E-01	1.904912E-01	2.056772E-01	2.053827E-01	2.020324E-01	1.952258E-01	1.885167E-01	2.047224E-01	1.940323E-01	2.124437E-01	1.953831E-01	1.988765E-01	1.933466E-01	1.863315E-01	1.820887E-01	1.788505E-01	1.740590E-01	1.688368E-01	1.624555E-01	1.529362E-01	1.391834E-01	1.170784E-01	

0.000000E+00	0.000000E+00	0.000000E+00	0.000000E+00	0.000000E+00	0.000000E+00	0.000000E+00	0.000000E+00	0.000000E+00	0.000000E+00	0.000000E+00	0.000000E+00	0.000000E+00	1.508120E-01	1.489685E-01	1.506512E-01	1.476555E-01	1.448941E-01	1.475208E-01	1.482328E-01	1.493391E-01	1.486644E-01	1.459319E-01	1.431039E-01	1.528624E-01	1.518052E-01	1.508054E-01	1.493471E-01	1.467248E-01	1.444597E-01	1.416529E-01	1.526690E-01	1.504799E-01	1.480104E-01	1.453742E-01	1.429880E-01	1.551342E-01	1.530665E-01	1.527275E-01	1.500854E-01	1.461178E-01	1.431432E-01	1.543248E-01	1.540216E-01	1.513957E-01	1.462316E-01	1.411196E-01	1.529895E-01	1.449380E-01	1.584468E-01	1.456783E-01	1.481944E-01	1.440323E-01	1.387804E-01	1.355946E-01	1.331607E-01	1.295563E-01	1.256292E-01	1.208386E-01	1.137129E-01	1.034499E-01	8.699216E-02	

0.000000E+00	0.000000E+00	0.000000E+00	0.000000E+00	0.000000E+00	0.000000E+00	0.000000E+00	0.000000E+00	0.000000E+00	0.000000E+00	0.000000E+00	0.000000E+00	0.000000E+00	6.054420E-02	5.895994E-02	5.859808E-02	5.693427E-02	5.550736E-02	5.579577E-02	5.556667E-02	5.550039E-02	5.460680E-02	5.319900E-02	5.184974E-02	5.436424E-02	5.366912E-02	5.302904E-02	5.228549E-02	5.108995E-02	5.005584E-02	4.880501E-02	5.169853E-02	5.067805E-02	4.962311E-02	4.855996E-02	4.760290E-02	5.104743E-02	5.023612E-02	4.996365E-02	4.887284E-02	4.743070E-02	4.632488E-02	4.950535E-02	4.925026E-02	4.819082E-02	4.642166E-02	4.462808E-02	4.788223E-02	4.523712E-02	4.898796E-02	4.495272E-02	4.556598E-02	4.420819E-02	4.254610E-02	4.152122E-02	4.073385E-02	3.956310E-02	3.829041E-02	3.675257E-02	3.450333E-02	3.132149E-02	2.628813E-02	

