0.000000E+00	0.000000E+00	0.000000E+00	0.000000E+00	0.000000E+00	0.000000E+00	0.000000E+00	0.000000E+00	0.000000E+00	0.000000E+00	0.000000E+00	0.000000E+00	0.000000E+00	0.000000E+00	2.129688E-02	2.056143E-02	1.973277E-02	1.893884E-02	1.843909E-02	1.796618E-02	1.762282E-02	1.688572E-02	1.612590E-02	1.545830E-02	1.537628E-02	1.496300E-02	1.458164E-02	1.421296E-02	1.368233E-02	1.322834E-02	1.273106E-02	1.279969E-02	1.236650E-02	1.198445E-02	1.165981E-02	1.138411E-02	1.173682E-02	1.152307E-02	1.133239E-02	1.098365E-02	1.069916E-02	1.046885E-02	1.085080E-02	1.068703E-02	1.038037E-02	1.013089E-02	9.853054E-03	1.006816E-02	9.784629E-03	9.970892E-03	9.663236E-03	9.631960E-03	9.478734E-03	9.332720E-03	9.206869E-03	9.103669E-03	8.926867E-03	8.713126E-03	8.426371E-03	7.955419E-03	7.217516E-03	5.973691E-03	

0.000000E+00	0.000000E+00	0.000000E+00	0.000000E+00	0.000000E+00	0.000000E+00	0.000000E+00	0.000000E+00	0.000000E+00	0.000000E+00	0.000000E+00	0.000000E+00	0.000000E+00	0.000000E+00	2.073120E-02	2.001823E-02	1.921219E-02	1.843852E-02	1.795367E-02	1.749494E-02	1.716343E-02	1.644940E-02	1.571176E-02	1.506379E-02	1.499133E-02	1.459215E-02	1.422370E-02	1.386719E-02	1.335349E-02	1.291432E-02	1.243380E-02	1.251108E-02	1.209290E-02	1.172386E-02	1.141046E-02	1.114446E-02	1.149638E-02	1.129021E-02	1.110628E-02	1.076946E-02	1.049473E-02	1.027244E-02	1.065208E-02	1.049405E-02	1.019727E-02	9.955572E-03	9.686366E-03	9.902681E-03	9.626435E-03	9.812868E-03	9.511464E-03	9.481379E-03	9.330892E-03	9.187312E-03	9.063468E-03	8.961862E-03	8.787693E-03	8.577028E-03	8.294341E-03	7.830215E-03	7.103416E-03	5.878920E-03	

0.000000E+00	0.000000E+00	0.000000E+00	0.000000E+00	0.000000E+00	0.000000E+00	0.000000E+00	0.000000E+00	0.000000E+00	0.000000E+00	0.000000E+00	0.000000E+00	0.000000E+00	0.000000E+00	2.022043E-02	1.952655E-02	1.874002E-02	1.798398E-02	1.751204E-02	1.706572E-02	1.674460E-02	1.605104E-02	1.533328E-02	1.470305E-02	1.463922E-02	1.425287E-02	1.389623E-02	1.355087E-02	1.305272E-02	1.262721E-02	1.216216E-02	1.224766E-02	1.184340E-02	1.148644E-02	1.118350E-02	1.092653E-02	1.127796E-02	1.107885E-02	1.090121E-02	1.057548E-02	1.030984E-02	1.009502E-02	1.047280E-02	1.032011E-02	1.003251E-02	9.798008E-03	9.536781E-03	9.754365E-03	9.484791E-03	9.671475E-03	9.375725E-03	9.346724E-03	9.198693E-03	9.057289E-03	8.935233E-03	8.835047E-03	8.663220E-03	8.455288E-03	8.176218E-03	7.718177E-03	7.001303E-03	5.794100E-03	

0.000000E+00	0.000000E+00	0.000000E+00	0.000000E+00	0.000000E+00	0.000000E+00	0.000000E+00	0.000000E+00	0.000000E+00	0.000000E+00	0.000000E+00	0.000000E+00	0.000000E+00	0.000000E+00	1.973687E-02	1.906211E-02	1.829480E-02	1.755598E-02	1.709678E-02	1.666268E-02	1.635182E-02	1.567830E-02	1.497982E-02	1.436672E-02	1.431170E-02	1.393780E-02	1.359258E-02	1.325795E-02	1.277473E-02	1.236230E-02	1.191208E-02	1.200598E-02	1.161501E-02	1.126954E-02	1.097654E-02	1.072815E-02	1.107955E-02	1.088714E-02	1.071546E-02	1.040021E-02	1.014315E-02	9.935346E-03	1.031178E-02	1.016410E-02	9.885080E-03	9.657295E-03	9.403487E-03	9.622514E-03	9.359055E-03	9.546138E-03	9.255484E-03	9.227480E-03	9.081640E-03	8.942170E-03	8.821700E-03	8.722770E-03	8.553012E-03	8.347494E-03	8.071621E-03	7.618970E-03	6.910896E-03	5.719025E-03	

0.000000E+00	0.000000E+00	0.000000E+00	0.000000E+00	0.000000E+00	0.000000E+00	0.000000E+00	0.000000E+00	0.000000E+00	0.000000E+00	0.000000E+00	0.000000E+00	0.000000E+00	0.000000E+00	1.927856E-02	1.862306E-02	1.787478E-02	1.715286E-02	1.670633E-02	1.628430E-02	1.598366E-02	1.532986E-02	1.465018E-02	1.405374E-02	1.400769E-02	1.364593E-02	1.331180E-02	1.298756E-02	1.251871E-02	1.211887E-02	1.168290E-02	1.178539E-02	1.140714E-02	1.107264E-02	1.078912E-02	1.054889E-02	1.090074E-02	1.071468E-02	1.054865E-02	1.024331E-02	9.994331E-03	9.793152E-03	1.016874E-02	1.002577E-02	9.754757E-03	9.533212E-03	9.286278E-03	9.506956E-03	9.249063E-03	9.436707E-03	9.150598E-03	9.123511E-03	8.979609E-03	8.841842E-03	8.722765E-03	8.624940E-03	8.456999E-03	8.253603E-03	7.980544E-03	7.532637E-03	6.832288E-03	5.653820E-03	

0.000000E+00	0.000000E+00	0.000000E+00	0.000000E+00	0.000000E+00	0.000000E+00	0.000000E+00	0.000000E+00	0.000000E+00	0.000000E+00	0.000000E+00	0.000000E+00	0.000000E+00	0.000000E+00	1.884629E-02	1.820992E-02	1.748028E-02	1.677479E-02	1.634074E-02	1.593056E-02	1.564002E-02	1.500553E-02	1.434405E-02	1.376372E-02	1.372683E-02	1.337687E-02	1.305349E-02	1.273929E-02	1.228425E-02	1.189652E-02	1.147423E-02	1.158547E-02	1.121940E-02	1.089537E-02	1.062090E-02	1.038847E-02	1.074128E-02	1.056127E-02	1.040061E-02	1.010464E-02	9.863300E-03	9.668368E-03	1.004367E-02	9.905134E-03	9.641596E-03	9.425852E-03	9.185288E-03	9.407860E-03	9.155023E-03	9.343439E-03	9.061358E-03	9.035134E-03	8.892930E-03	8.756645E-03	8.638776E-03	8.541909E-03	8.375539E-03	8.173977E-03	7.903347E-03	7.459521E-03	6.765787E-03	5.598728E-03	

0.000000E+00	0.000000E+00	0.000000E+00	0.000000E+00	0.000000E+00	0.000000E+00	0.000000E+00	0.000000E+00	0.000000E+00	0.000000E+00	0.000000E+00	0.000000E+00	0.000000E+00	0.000000E+00	1.844200E-02	1.782440E-02	1.711281E-02	1.642313E-02	1.600131E-02	1.560269E-02	1.532209E-02	1.470639E-02	1.406244E-02	1.349756E-02	1.346996E-02	1.313140E-02	1.281838E-02	1.251381E-02	1.207199E-02	1.169582E-02	1.128662E-02	1.140673E-02	1.105229E-02	1.073822E-02	1.047235E-02	1.024732E-02	1.060167E-02	1.042739E-02	1.027181E-02	9.984667E-03	9.750513E-03	9.561450E-03	9.937011E-03	9.802625E-03	9.546032E-03	9.335646E-03	9.100944E-03	9.325661E-03	9.077352E-03	9.266741E-03	8.988133E-03	8.962681E-03	8.821910E-03	8.686867E-03	8.570004E-03	8.473934E-03	8.308867E-03	8.108824E-03	7.840208E-03	7.399770E-03	6.711513E-03	5.553843E-03	

0.000000E+00	0.000000E+00	0.000000E+00	0.000000E+00	0.000000E+00	0.000000E+00	0.000000E+00	0.000000E+00	0.000000E+00	0.000000E+00	0.000000E+00	0.000000E+00	0.000000E+00	0.000000E+00	1.806790E-02	1.746837E-02	1.677400E-02	1.609935E-02	1.568934E-02	1.530186E-02	1.503094E-02	1.443336E-02	1.380613E-02	1.325599E-02	1.323781E-02	1.291023E-02	1.260716E-02	1.231181E-02	1.188257E-02	1.151740E-02	1.112067E-02	1.124985E-02	1.090645E-02	1.060183E-02	1.034409E-02	1.012607E-02	1.048255E-02	1.031367E-02	1.016289E-02	9.884022E-03	9.656592E-03	9.473015E-03	9.849407E-03	9.718885E-03	9.468702E-03	9.263234E-03	9.033888E-03	9.261061E-03	9.016762E-03	9.207409E-03	8.931745E-03	8.907011E-03	8.767429E-03	8.633400E-03	8.517350E-03	8.421922E-03	8.257898E-03	8.059062E-03	7.792038E-03	7.354256E-03	6.670252E-03	5.519801E-03	

0.000000E+00	0.000000E+00	0.000000E+00	0.000000E+00	0.000000E+00	0.000000E+00	0.000000E+00	0.000000E+00	0.000000E+00	0.000000E+00	0.000000E+00	0.000000E+00	0.000000E+00	0.000000E+00	1.771814E-02	1.713637E-02	1.645872E-02	1.579858E-02	1.540020E-02	1.502364E-02	1.476229E-02	1.418243E-02	1.357141E-02	1.303551E-02	1.302700E-02	1.271011E-02	1.241672E-02	1.213029E-02	1.171317E-02	1.135859E-02	1.097387E-02	1.111249E-02	1.077969E-02	1.048409E-02	1.023414E-02	1.002281E-02	1.038197E-02	1.021824E-02	1.007201E-02	9.800972E-03	9.579882E-03	9.401472E-03	9.779260E-03	9.652361E-03	9.408123E-03	9.207181E-03	8.982741E-03	9.212608E-03	8.971843E-03	9.163967E-03	8.890731E-03	8.866639E-03	8.727991E-03	8.594742E-03	8.479307E-03	8.384362E-03	8.221109E-03	8.023161E-03	7.757304E-03	7.321475E-03	6.640598E-03	5.495409E-03	

0.000000E+00	0.000000E+00	0.000000E+00	0.000000E+00	0.000000E+00	0.000000E+00	0.000000E+00	0.000000E+00	0.000000E+00	0.000000E+00	0.000000E+00	0.000000E+00	0.000000E+00	0.000000E+00	1.739918E-02	1.683448E-02	1.617268E-02	1.552624E-02	1.513907E-02	1.477303E-02	1.452099E-02	1.395821E-02	1.336262E-02	1.284028E-02	1.284153E-02	1.253495E-02	1.225084E-02	1.197296E-02	1.156736E-02	1.122288E-02	1.084960E-02	1.099816E-02	1.067543E-02	1.038835E-02	1.014574E-02	9.940723E-03	1.030327E-02	1.014438E-02	1.000242E-02	9.738667E-03	9.523459E-03	9.349832E-03	9.729741E-03	9.606178E-03	9.367329E-03	9.170448E-03	8.950379E-03	9.183302E-03	8.945509E-03	9.139449E-03	8.868049E-03	8.844550E-03	8.706563E-03	8.573838E-03	8.458801E-03	8.364167E-03	8.201395E-03	8.003990E-03	7.738839E-03	7.304172E-03	6.625103E-03	5.482830E-03	

0.000000E+00	0.000000E+00	0.000000E+00	0.000000E+00	0.000000E+00	0.000000E+00	0.000000E+00	0.000000E+00	0.000000E+00	0.000000E+00	0.000000E+00	0.000000E+00	0.000000E+00	0.000000E+00	1.713216E-02	1.658145E-02	1.593268E-02	1.529758E-02	1.491990E-02	1.456285E-02	1.431892E-02	1.377104E-02	1.318898E-02	1.267861E-02	1.268914E-02	1.239188E-02	1.211619E-02	1.184604E-02	1.145087E-02	1.111554E-02	1.075270E-02	1.091127E-02	1.059774E-02	1.031843E-02	1.008252E-02	9.883259E-03	1.024989E-02	1.009540E-02	9.957313E-03	9.700112E-03	9.490179E-03	9.320833E-03	9.703575E-03	9.582974E-03	9.348812E-03	9.155410E-03	8.939044E-03	9.175333E-03	8.939821E-03	9.135828E-03	8.865545E-03	8.842540E-03	8.704871E-03	8.572356E-03	8.457452E-03	8.362916E-03	8.200274E-03	8.003000E-03	7.738015E-03	7.303616E-03	6.624907E-03	5.483004E-03	

0.000000E+00	0.000000E+00	0.000000E+00	0.000000E+00	0.000000E+00	0.000000E+00	0.000000E+00	0.000000E+00	0.000000E+00	0.000000E+00	0.000000E+00	0.000000E+00	0.000000E+00	0.000000E+00	1.690998E-02	1.637133E-02	1.573363E-02	1.510816E-02	1.473886E-02	1.438980E-02	1.415323E-02	1.361876E-02	1.304880E-02	1.254919E-02	1.256890E-02	1.228025E-02	1.201234E-02	1.174930E-02	1.136365E-02	1.103672E-02	1.068348E-02	1.085238E-02	1.054734E-02	1.027515E-02	1.004537E-02	9.851394E-03	1.022294E-02	1.007247E-02	9.937912E-03	9.686600E-03	9.481384E-03	9.315853E-03	9.702293E-03	9.584303E-03	9.354148E-03	9.163650E-03	8.950316E-03	9.190366E-03	8.956404E-03	9.154769E-03	8.884797E-03	8.862141E-03	8.724389E-03	8.591714E-03	8.476631E-03	8.381942E-03	8.219006E-03	8.021374E-03	7.755921E-03	7.320780E-03	6.640852E-03	5.496612E-03	

0.000000E+00	0.000000E+00	0.000000E+00	0.000000E+00	0.000000E+00	0.000000E+00	0.000000E+00	0.000000E+00	0.000000E+00	0.000000E+00	0.000000E+00	0.000000E+00	0.000000E+00	0.000000E+00	1.671362E-02	1.618765E-02	1.556119E-02	1.494527E-02	1.458466E-02	1.424379E-02	1.401490E-02	1.349408E-02	1.293603E-02	1.244696E-02	1.247680E-02	1.219676E-02	1.193656E-02	1.168048E-02	1.130403E-02	1.098519E-02	1.064123E-02	1.082133E-02	1.052441E-02	1.025895E-02	1.003498E-02	9.845987E-03	1.022362E-02	1.007689E-02	9.945626E-03	9.699696E-03	9.498756E-03	9.336669E-03	9.727916E-03	9.612246E-03	9.385490E-03	9.197366E-03	8.986440E-03	9.230834E-03	8.997675E-03	9.198812E-03	8.928267E-03	8.905799E-03	8.767504E-03	8.634237E-03	8.518608E-03	8.423464E-03	8.259725E-03	8.061136E-03	7.794444E-03	7.357356E-03	6.674388E-03	5.524790E-03	

0.000000E+00	0.000000E+00	0.000000E+00	0.000000E+00	0.000000E+00	0.000000E+00	0.000000E+00	0.000000E+00	0.000000E+00	0.000000E+00	0.000000E+00	0.000000E+00	0.000000E+00	0.000000E+00	1.654961E-02	1.603651E-02	1.542100E-02	1.481421E-02	1.446238E-02	1.412971E-02	1.390871E-02	1.340149E-02	1.285498E-02	1.237605E-02	1.241695E-02	1.214543E-02	1.189280E-02	1.164347E-02	1.127581E-02	1.096469E-02	1.062959E-02	1.082203E-02	1.053278E-02	1.027361E-02	1.005505E-02	9.870687E-03	1.025571E-02	1.011244E-02	9.984163E-03	9.743024E-03	9.545846E-03	9.386766E-03	9.784052E-03	9.670358E-03	9.446293E-03	9.259927E-03	9.050678E-03	9.300060E-03	9.066833E-03	9.271151E-03	8.998999E-03	8.976493E-03	8.837107E-03	8.702743E-03	8.586132E-03	8.490175E-03	8.325030E-03	8.124774E-03	7.855934E-03	7.415500E-03	6.727418E-03	5.569074E-03	

0.000000E+00	0.000000E+00	0.000000E+00	0.000000E+00	0.000000E+00	0.000000E+00	0.000000E+00	0.000000E+00	0.000000E+00	0.000000E+00	0.000000E+00	0.000000E+00	0.000000E+00	0.000000E+00	1.642408E-02	1.592359E-02	1.531839E-02	1.471997E-02	1.437683E-02	1.405221E-02	1.383920E-02	1.334535E-02	1.280979E-02	1.234043E-02	1.239337E-02	1.213020E-02	1.188495E-02	1.164210E-02	1.128271E-02	1.097887E-02	1.065216E-02	1.085829E-02	1.057624E-02	1.032286E-02	1.010927E-02	9.929161E-03	1.032308E-02	1.018292E-02	1.005734E-02	9.820355E-03	9.626389E-03	9.469851E-03	9.874587E-03	9.762503E-03	9.540363E-03	9.355081E-03	9.146709E-03	9.401800E-03	9.167521E-03	9.375461E-03	9.100496E-03	9.077669E-03	8.936531E-03	8.800451E-03	8.682326E-03	8.585113E-03	8.417811E-03	8.215006E-03	7.942889E-03	7.497418E-03	6.801806E-03	5.630906E-03	

0.000000E+00	0.000000E+00	0.000000E+00	0.000000E+00	0.000000E+00	0.000000E+00	0.000000E+00	0.000000E+00	0.000000E+00	0.000000E+00	0.000000E+00	0.000000E+00	0.000000E+00	0.000000E+00	1.634021E-02	1.585221E-02	1.525672E-02	1.466597E-02	1.433149E-02	1.401484E-02	1.380999E-02	1.332937E-02	1.280422E-02	1.234394E-02	1.241009E-02	1.215518E-02	1.191714E-02	1.168054E-02	1.132894E-02	1.103196E-02	1.071318E-02	1.093458E-02	1.065923E-02	1.041112E-02	1.020203E-02	1.002576E-02	1.043034E-02	1.029294E-02	1.016969E-02	9.936139E-03	9.744744E-03	9.590202E-03	1.000399E-02	9.893083E-03	9.671950E-03	9.486943E-03	9.278474E-03	9.540019E-03	9.303498E-03	9.515445E-03	9.236220E-03	9.212699E-03	9.069020E-03	8.930497E-03	8.810236E-03	8.711249E-03	8.540920E-03	8.334552E-03	8.057882E-03	7.605482E-03	6.899664E-03	5.712014E-03	

0.000000E+00	0.000000E+00	0.000000E+00	0.000000E+00	0.000000E+00	0.000000E+00	0.000000E+00	0.000000E+00	0.000000E+00	0.000000E+00	0.000000E+00	0.000000E+00	0.000000E+00	0.000000E+00	1.630209E-02	1.582646E-02	1.524007E-02	1.465625E-02	1.433041E-02	1.402163E-02	1.382511E-02	1.335760E-02	1.284236E-02	1.239066E-02	1.247135E-02	1.222465E-02	1.199371E-02	1.176312E-02	1.141883E-02	1.112827E-02	1.081695E-02	1.105532E-02	1.078616E-02	1.054276E-02	1.033766E-02	1.016478E-02	1.058196E-02	1.044690E-02	1.032561E-02	1.009466E-02	9.905108E-03	9.751935E-03	1.017658E-02	1.006633E-02	9.845138E-03	9.659457E-03	9.449747E-03	9.718536E-03	9.478367E-03	9.694630E-03	9.409468E-03	9.384786E-03	9.237660E-03	9.095864E-03	8.972760E-03	8.871417E-03	8.697091E-03	8.486042E-03	8.203431E-03	7.742078E-03	7.023200E-03	5.814295E-03	

0.000000E+00	0.000000E+00	0.000000E+00	0.000000E+00	0.000000E+00	0.000000E+00	0.000000E+00	0.000000E+00	0.000000E+00	0.000000E+00	0.000000E+00	0.000000E+00	0.000000E+00	0.000000E+00	1.630702E-02	1.584393E-02	1.526629E-02	1.468889E-02	1.437177E-02	1.407088E-02	1.388293E-02	1.342857E-02	1.292288E-02	1.247941E-02	1.257618E-02	1.233774E-02	1.211384E-02	1.188910E-02	1.155170E-02	1.126718E-02	1.096291E-02	1.121989E-02	1.095643E-02	1.071723E-02	1.051568E-02	1.034577E-02	1.077753E-02	1.064444E-02	1.052475E-02	1.029566E-02	1.010729E-02	9.954932E-03	1.039242E-02	1.028239E-02	1.006019E-02	9.873001E-03	9.661068E-03	9.938048E-03	9.693096E-03	9.914240E-03	9.621894E-03	9.595857E-03	9.444682E-03	9.299063E-03	9.172652E-03	9.068584E-03	8.889638E-03	8.673179E-03	8.383654E-03	7.911684E-03	7.176968E-03	5.941822E-03	

0.000000E+00	0.000000E+00	0.000000E+00	0.000000E+00	0.000000E+00	0.000000E+00	0.000000E+00	0.000000E+00	0.000000E+00	0.000000E+00	0.000000E+00	0.000000E+00	0.000000E+00	0.000000E+00	1.633866E-02	1.588869E-02	1.532007E-02	1.474920E-02	1.444122E-02	1.414853E-02	1.396954E-02	1.352870E-02	1.303257E-02	1.259729E-02	1.271120E-02	1.248111E-02	1.226429E-02	1.204532E-02	1.171457E-02	1.143586E-02	1.113835E-02	1.141509E-02	1.115698E-02	1.092157E-02	1.072319E-02	1.055592E-02	1.100358E-02	1.087216E-02	1.075379E-02	1.052597E-02	1.033828E-02	1.018629E-02	1.063801E-02	1.052786E-02	1.030395E-02	1.011466E-02	9.899833E-03	1.018577E-02	9.935339E-03	1.016205E-02	9.861855E-03	9.834551E-03	9.679068E-03	9.529372E-03	9.399443E-03	9.292489E-03	9.108642E-03	8.886424E-03	8.589458E-03	8.105815E-03	7.353286E-03	6.088188E-03	

0.000000E+00	0.000000E+00	0.000000E+00	0.000000E+00	0.000000E+00	0.000000E+00	0.000000E+00	0.000000E+00	0.000000E+00	0.000000E+00	0.000000E+00	0.000000E+00	0.000000E+00	0.000000E+00	1.639652E-02	1.596038E-02	1.540111E-02	1.483694E-02	1.453863E-02	1.425451E-02	1.408495E-02	1.365808E-02	1.317156E-02	1.274441E-02	1.287654E-02	1.265492E-02	1.244518E-02	1.223189E-02	1.190751E-02	1.163433E-02	1.134326E-02	1.164087E-02	1.138770E-02	1.115564E-02	1.096002E-02	1.079502E-02	1.125991E-02	1.112984E-02	1.101247E-02	1.078526E-02	1.059767E-02	1.044558E-02	1.091282E-02	1.080218E-02	1.057581E-02	1.038377E-02	1.016530E-02	1.046095E-02	1.020420E-02	1.043707E-02	1.012811E-02	1.009949E-02	9.939278E-03	9.785116E-03	9.651339E-03	9.541242E-03	9.352066E-03	9.123596E-03	8.818545E-03	8.322145E-03	7.549991E-03	6.251658E-03	

0.000000E+00	0.000000E+00	0.000000E+00	0.000000E+00	0.000000E+00	0.000000E+00	0.000000E+00	0.000000E+00	0.000000E+00	0.000000E+00	0.000000E+00	0.000000E+00	0.000000E+00	0.000000E+00	1.648311E-02	1.606158E-02	1.551203E-02	1.495474E-02	1.466666E-02	1.439150E-02	1.423190E-02	1.381949E-02	1.334259E-02	1.292348E-02	1.307505E-02	1.286198E-02	1.265933E-02	1.245161E-02	1.213330E-02	1.186534E-02	1.158035E-02	1.190012E-02	1.165142E-02	1.142224E-02	1.122893E-02	1.106579E-02	1.154945E-02	1.142036E-02	1.130365E-02	1.107638E-02	1.088829E-02	1.073559E-02	1.121983E-02	1.110831E-02	1.087867E-02	1.068320E-02	1.046030E-02	1.076653E-02	1.050260E-02	1.074233E-02	1.042369E-02	1.039373E-02	1.022836E-02	1.006932E-02	9.931358E-03	9.817847E-03	9.622885E-03	9.387625E-03	9.073767E-03	8.563367E-03	7.769502E-03	6.434192E-03	

0.000000E+00	0.000000E+00	0.000000E+00	0.000000E+00	0.000000E+00	0.000000E+00	0.000000E+00	0.000000E+00	0.000000E+00	0.000000E+00	0.000000E+00	0.000000E+00	0.000000E+00	0.000000E+00	1.660000E-02	1.619399E-02	1.565459E-02	1.510438E-02	1.482714E-02	1.456141E-02	1.441232E-02	1.401491E-02	1.354766E-02	1.313651E-02	1.330882E-02	1.310442E-02	1.290887E-02	1.270660E-02	1.239403E-02	1.213096E-02	1.185166E-02	1.219495E-02	1.195026E-02	1.172343E-02	1.153196E-02	1.137027E-02	1.187435E-02	1.174588E-02	1.162947E-02	1.140140E-02	1.121218E-02	1.105834E-02	1.156123E-02	1.144841E-02	1.121467E-02	1.101505E-02	1.078692E-02	1.110470E-02	1.083270E-02	1.108013E-02	1.075086E-02	1.071959E-02	1.054865E-02	1.038434E-02	1.024185E-02	1.012466E-02	9.923464E-03	9.680880E-03	9.357486E-03	8.831787E-03	8.013972E-03	6.637608E-03	

0.000000E+00	0.000000E+00	0.000000E+00	0.000000E+00	0.000000E+00	0.000000E+00	0.000000E+00	0.000000E+00	0.000000E+00	0.000000E+00	0.000000E+00	0.000000E+00	0.000000E+00	0.000000E+00	1.674913E-02	1.635957E-02	1.583076E-02	1.528781E-02	1.502206E-02	1.476620E-02	1.462821E-02	1.424634E-02	1.378873E-02	1.338541E-02	1.357985E-02	1.338422E-02	1.319576E-02	1.299881E-02	1.269161E-02	1.243306E-02	1.215903E-02	1.252729E-02	1.228608E-02	1.206106E-02	1.187092E-02	1.171023E-02	1.223653E-02	1.210827E-02	1.199180E-02	1.176215E-02	1.157114E-02	1.141560E-02	1.193890E-02	1.182437E-02	1.158565E-02	1.138113E-02	1.114692E-02	1.147730E-02	1.119630E-02	1.145233E-02	1.111144E-02	1.107891E-02	1.090196E-02	1.073195E-02	1.058458E-02	1.046343E-02	1.025552E-02	1.000505E-02	9.671346E-03	9.128970E-03	8.284830E-03	6.863094E-03	

0.000000E+00	0.000000E+00	0.000000E+00	0.000000E+00	0.000000E+00	0.000000E+00	0.000000E+00	0.000000E+00	0.000000E+00	0.000000E+00	0.000000E+00	0.000000E+00	0.000000E+00	0.000000E+00	1.693148E-02	1.655948E-02	1.604180E-02	1.550634E-02	1.525279E-02	1.500732E-02	1.488109E-02	1.451538E-02	1.406741E-02	1.367182E-02	1.388985E-02	1.370311E-02	1.352174E-02	1.332997E-02	1.302774E-02	1.277334E-02	1.250413E-02	1.289895E-02	1.266069E-02	1.243690E-02	1.224757E-02	1.208742E-02	1.263788E-02	1.250944E-02	1.239252E-02	1.216049E-02	1.196699E-02	1.180917E-02	1.235482E-02	1.223812E-02	1.199351E-02	1.178329E-02	1.154209E-02	1.188613E-02	1.159511E-02	1.186067E-02	1.150706E-02	1.147326E-02	1.128980E-02	1.111362E-02	1.096096E-02	1.083554E-02	1.062040E-02	1.036143E-02	1.001660E-02	9.456126E-03	8.583237E-03	7.111695E-03	

0.000000E+00	0.000000E+00	0.000000E+00	0.000000E+00	0.000000E+00	0.000000E+00	0.000000E+00	0.000000E+00	0.000000E+00	0.000000E+00	0.000000E+00	0.000000E+00	0.000000E+00	0.000000E+00	1.714853E-02	1.679527E-02	1.628928E-02	1.576156E-02	1.552096E-02	1.528641E-02	1.517264E-02	1.482371E-02	1.438538E-02	1.399736E-02	1.424050E-02	1.406274E-02	1.388844E-02	1.370168E-02	1.340401E-02	1.315333E-02	1.288847E-02	1.331147E-02	1.307559E-02	1.285242E-02	1.266336E-02	1.250325E-02	1.307993E-02	1.295088E-02	1.283309E-02	1.259786E-02	1.240116E-02	1.224048E-02	1.281051E-02	1.269120E-02	1.243974E-02	1.222303E-02	1.197390E-02	1.233277E-02	1.203069E-02	1.230675E-02	1.193927E-02	1.190425E-02	1.171376E-02	1.153091E-02	1.137256E-02	1.124254E-02	1.101963E-02	1.075152E-02	1.039473E-02	9.814672E-03	8.910489E-03	7.384487E-03	

0.000000E+00	0.000000E+00	0.000000E+00	0.000000E+00	0.000000E+00	0.000000E+00	0.000000E+00	0.000000E+00	0.000000E+00	0.000000E+00	0.000000E+00	0.000000E+00	0.000000E+00	0.000000E+00	1.740179E-02	1.706853E-02	1.657485E-02	1.605508E-02	1.582821E-02	1.560513E-02	1.550451E-02	1.517297E-02	1.474423E-02	1.436359E-02	1.463341E-02	1.446470E-02	1.429742E-02	1.411549E-02	1.382189E-02	1.357448E-02	1.331344E-02	1.376633E-02	1.353220E-02	1.330900E-02	1.311961E-02	1.295903E-02	1.356420E-02	1.343410E-02	1.331502E-02	1.307572E-02	1.287507E-02	1.271091E-02	1.330747E-02	1.318509E-02	1.292583E-02	1.270179E-02	1.244383E-02	1.281880E-02	1.250463E-02	1.279240E-02	1.240995E-02	1.237375E-02	1.217573E-02	1.198572E-02	1.182127E-02	1.168635E-02	1.145512E-02	1.117724E-02	1.080760E-02	1.020640E-02	9.268240E-03	7.682854E-03	

0.000000E+00	0.000000E+00	0.000000E+00	0.000000E+00	0.000000E+00	0.000000E+00	0.000000E+00	0.000000E+00	0.000000E+00	0.000000E+00	0.000000E+00	0.000000E+00	0.000000E+00	0.000000E+00	1.769226E-02	1.738045E-02	1.689976E-02	1.638822E-02	1.617590E-02	1.596486E-02	1.587816E-02	1.556468E-02	1.514546E-02	1.477200E-02	1.507009E-02	1.491050E-02	1.475020E-02	1.457287E-02	1.428285E-02	1.403823E-02	1.378043E-02	1.426507E-02	1.403205E-02	1.380815E-02	1.361783E-02	1.345626E-02	1.409231E-02	1.396071E-02	1.383992E-02	1.359567E-02	1.339034E-02	1.322210E-02	1.384750E-02	1.372162E-02	1.345363E-02	1.322150E-02	1.295385E-02	1.334645E-02	1.301926E-02	1.332016E-02	1.292171E-02	1.288456E-02	1.267858E-02	1.248098E-02	1.231005E-02	1.216992E-02	1.192986E-02	1.164156E-02	1.125816E-02	1.063413E-02	9.658997E-03	8.008793E-03	

0.000000E+00	0.000000E+00	0.000000E+00	0.000000E+00	0.000000E+00	0.000000E+00	0.000000E+00	0.000000E+00	0.000000E+00	0.000000E+00	0.000000E+00	0.000000E+00	0.000000E+00	0.000000E+00	1.802162E-02	1.773275E-02	1.726572E-02	1.676265E-02	1.656571E-02	1.636729E-02	1.629526E-02	1.600046E-02	1.559064E-02	1.522407E-02	1.555207E-02	1.540163E-02	1.524820E-02	1.507524E-02	1.478823E-02	1.454587E-02	1.429073E-02	1.480901E-02	1.457642E-02	1.435113E-02	1.415925E-02	1.399615E-02	1.466566E-02	1.453210E-02	1.440916E-02	1.415907E-02	1.394831E-02	1.377538E-02	1.443195E-02	1.430212E-02	1.402450E-02	1.378351E-02	1.350533E-02	1.391720E-02	1.357609E-02	1.389179E-02	1.347633E-02	1.343846E-02	1.322408E-02	1.301844E-02	1.284065E-02	1.269500E-02	1.244558E-02	1.214619E-02	1.174808E-02	1.109942E-02	1.008421E-02	8.363509E-03	

0.000000E+00	0.000000E+00	0.000000E+00	0.000000E+00	0.000000E+00	0.000000E+00	0.000000E+00	0.000000E+00	0.000000E+00	0.000000E+00	0.000000E+00	0.000000E+00	0.000000E+00	0.000000E+00	1.839117E-02	1.812680E-02	1.767418E-02	1.717978E-02	1.699906E-02	1.681383E-02	1.675724E-02	1.648175E-02	1.608116E-02	1.572117E-02	1.608073E-02	1.593945E-02	1.579278E-02	1.562392E-02	1.533932E-02	1.509865E-02	1.484553E-02	1.539948E-02	1.516660E-02	1.493917E-02	1.474506E-02	1.457987E-02	1.528564E-02	1.514964E-02	1.502409E-02	1.476721E-02	1.455022E-02	1.437195E-02	1.506217E-02	1.492793E-02	1.463969E-02	1.438900E-02	1.409940E-02	1.453226E-02	1.417624E-02	1.450836E-02	1.407485E-02	1.403655E-02	1.381335E-02	1.359923E-02	1.341420E-02	1.326275E-02	1.300346E-02	1.269237E-02	1.227864E-02	1.160360E-02	1.054515E-02	8.748156E-03	

0.000000E+00	0.000000E+00	0.000000E+00	0.000000E+00	0.000000E+00	0.000000E+00	0.000000E+00	0.000000E+00	0.000000E+00	0.000000E+00	0.000000E+00	0.000000E+00	0.000000E+00	0.000000E+00	1.880250E-02	1.856433E-02	1.812685E-02	1.764131E-02	1.747766E-02	1.730617E-02	1.726578E-02	1.701017E-02	1.661859E-02	1.626481E-02	1.665759E-02	1.652543E-02	1.638536E-02	1.622030E-02	1.593747E-02	1.569788E-02	1.544612E-02	1.603789E-02	1.580397E-02	1.557361E-02	1.537659E-02	1.520868E-02	1.595358E-02	1.581462E-02	1.568596E-02	1.542129E-02	1.519719E-02	1.501287E-02	1.573913E-02	1.559994E-02	1.529996E-02	1.503862E-02	1.473649E-02	1.519186E-02	1.481971E-02	1.516974E-02	1.471688E-02	1.467828E-02	1.444572E-02	1.422260E-02	1.402991E-02	1.387235E-02	1.360267E-02	1.327925E-02	1.284906E-02	1.214610E-02	1.104155E-02	9.162737E-03	

0.000000E+00	0.000000E+00	0.000000E+00	0.000000E+00	0.000000E+00	0.000000E+00	0.000000E+00	0.000000E+00	0.000000E+00	0.000000E+00	0.000000E+00	0.000000E+00	0.000000E+00	0.000000E+00	1.925746E-02	1.904724E-02	1.862562E-02	1.814906E-02	1.800325E-02	1.784601E-02	1.782256E-02	1.758733E-02	1.720443E-02	1.685640E-02	1.728405E-02	1.716094E-02	1.702727E-02	1.686566E-02	1.658390E-02	1.634475E-02	1.609361E-02	1.672554E-02	1.648979E-02	1.625569E-02	1.605505E-02	1.588385E-02	1.667101E-02	1.652859E-02	1.639634E-02	1.612287E-02	1.589083E-02	1.569976E-02	1.646466E-02	1.632002E-02	1.600726E-02	1.573438E-02	1.541873E-02	1.589847E-02	1.550909E-02	1.587875E-02	1.540534E-02	1.536669E-02	1.512428E-02	1.489166E-02	1.469088E-02	1.452689E-02	1.424628E-02	1.390988E-02	1.346232E-02	1.272967E-02	1.157582E-02	9.609202E-03	

0.000000E+00	0.000000E+00	0.000000E+00	0.000000E+00	0.000000E+00	0.000000E+00	0.000000E+00	0.000000E+00	0.000000E+00	0.000000E+00	0.000000E+00	0.000000E+00	0.000000E+00	0.000000E+00	1.976319E-02	1.958254E-02	1.917732E-02	1.870962E-02	1.858235E-02	1.843978E-02	1.843396E-02	1.821944E-02	1.784472E-02	1.750179E-02	1.796611E-02	1.785188E-02	1.772436E-02	1.756577E-02	1.728425E-02	1.704480E-02	1.679348E-02	1.746828E-02	1.722983E-02	1.699114E-02	1.678613E-02	1.661098E-02	1.744386E-02	1.729747E-02	1.716113E-02	1.687785E-02	1.663703E-02	1.643855E-02	1.724506E-02	1.709450E-02	1.676794E-02	1.648265E-02	1.615255E-02	1.665892E-02	1.625122E-02	1.664263E-02	1.614740E-02	1.610904E-02	1.585624E-02	1.561355E-02	1.540419E-02	1.523340E-02	1.494119E-02	1.459100E-02	1.412487E-02	1.336034E-02	1.215332E-02	1.009184E-02	

0.000000E+00	0.000000E+00	0.000000E+00	0.000000E+00	0.000000E+00	0.000000E+00	0.000000E+00	0.000000E+00	0.000000E+00	0.000000E+00	0.000000E+00	0.000000E+00	0.000000E+00	0.000000E+00	2.032282E-02	2.017345E-02	1.978511E-02	1.932607E-02	1.921797E-02	1.909043E-02	1.910289E-02	1.890936E-02	1.854219E-02	1.820365E-02	1.870647E-02	1.860094E-02	1.847925E-02	1.832323E-02	1.804106E-02	1.780053E-02	1.754818E-02	1.826890E-02	1.802691E-02	1.778274E-02	1.757260E-02	1.739290E-02	1.827508E-02	1.812422E-02	1.798335E-02	1.768931E-02	1.743895E-02	1.723247E-02	1.808373E-02	1.792687E-02	1.758566E-02	1.728724E-02	1.694195E-02	1.747774E-02	1.705079E-02	1.746654E-02	1.694832E-02	1.691068E-02	1.664694E-02	1.639360E-02	1.617515E-02	1.599714E-02	1.569259E-02	1.532763E-02	1.484154E-02	1.404251E-02	1.277790E-02	1.061370E-02	

0.000000E+00	0.000000E+00	0.000000E+00	0.000000E+00	0.000000E+00	0.000000E+00	0.000000E+00	0.000000E+00	0.000000E+00	0.000000E+00	0.000000E+00	0.000000E+00	0.000000E+00	0.000000E+00	2.093445E-02	2.081814E-02	2.044726E-02	1.999672E-02	1.990841E-02	1.979623E-02	1.982759E-02	1.965527E-02	1.929505E-02	1.896018E-02	1.950330E-02	1.940626E-02	1.929010E-02	1.913620E-02	1.885250E-02	1.861010E-02	1.835589E-02	1.912572E-02	1.887931E-02	1.862878E-02	1.841276E-02	1.822788E-02	1.916292E-02	1.900712E-02	1.886125E-02	1.855555E-02	1.829490E-02	1.807986E-02	1.897911E-02	1.881558E-02	1.845891E-02	1.814669E-02	1.778554E-02	1.835353E-02	1.790653E-02	1.834927E-02	1.780706E-02	1.777067E-02	1.749556E-02	1.723107E-02	1.700306E-02	1.681746E-02	1.649990E-02	1.611926E-02	1.561183E-02	1.477576E-02	1.344912E-02	1.117433E-02	

0.000000E+00	0.000000E+00	0.000000E+00	0.000000E+00	0.000000E+00	0.000000E+00	0.000000E+00	0.000000E+00	0.000000E+00	0.000000E+00	0.000000E+00	0.000000E+00	0.000000E+00	0.000000E+00	2.160139E-02	2.151987E-02	2.116689E-02	2.072452E-02	2.065654E-02	2.055997E-02	2.061079E-02	2.045979E-02	2.010579E-02	1.977376E-02	2.035905E-02	2.027026E-02	2.015927E-02	2.000697E-02	1.972078E-02	1.947566E-02	1.921868E-02	2.004106E-02	1.978927E-02	1.953138E-02	1.930862E-02	1.911785E-02	2.010922E-02	1.994791E-02	1.979649E-02	1.947801E-02	1.920616E-02	1.898181E-02	1.993224E-02	1.976154E-02	1.938833E-02	1.906142E-02	1.868344E-02	1.928631E-02	1.881817E-02	1.929050E-02	1.872309E-02	1.868848E-02	1.840154E-02	1.812539E-02	1.788739E-02	1.769388E-02	1.736272E-02	1.696567E-02	1.643578E-02	1.556045E-02	1.416773E-02	1.177477E-02	

0.000000E+00	0.000000E+00	0.000000E+00	0.000000E+00	0.000000E+00	0.000000E+00	0.000000E+00	0.000000E+00	0.000000E+00	0.000000E+00	0.000000E+00	0.000000E+00	0.000000E+00	0.000000E+00	2.232793E-02	2.228283E-02	2.194807E-02	2.151339E-02	2.146616E-02	2.138536E-02	2.145612E-02	2.132642E-02	2.097776E-02	2.064766E-02	2.127705E-02	2.119622E-02	2.109000E-02	2.093872E-02	2.064897E-02	2.040020E-02	2.013941E-02	2.101805E-02	2.075976E-02	2.049334E-02	2.026277E-02	2.006521E-02	2.111635E-02	2.094878E-02	2.079109E-02	2.045840E-02	2.017407E-02	1.993939E-02	2.094414E-02	2.076550E-02	2.037417E-02	2.003124E-02	1.963492E-02	2.027488E-02	1.978405E-02	2.028819E-02	1.969409E-02	1.966176E-02	1.936250E-02	1.907421E-02	1.882584E-02	1.862414E-02	1.827899E-02	1.786506E-02	1.731197E-02	1.639575E-02	1.493357E-02	1.241539E-02	

0.000000E+00	0.000000E+00	0.000000E+00	0.000000E+00	0.000000E+00	0.000000E+00	0.000000E+00	0.000000E+00	0.000000E+00	0.000000E+00	0.000000E+00	0.000000E+00	0.000000E+00	0.000000E+00	2.311925E-02	2.311209E-02	2.279569E-02	2.236805E-02	2.234183E-02	2.227683E-02	2.236793E-02	2.225933E-02	2.191502E-02	2.158582E-02	2.226153E-02	2.218837E-02	2.208650E-02	2.193565E-02	2.164124E-02	2.138788E-02	2.112227E-02	2.206129E-02	2.179546E-02	2.151941E-02	2.128008E-02	2.107492E-02	2.218961E-02	2.201513E-02	2.185056E-02	2.150241E-02	2.120454E-02	2.095868E-02	2.202143E-02	2.183423E-02	2.142347E-02	2.106340E-02	2.064752E-02	2.132733E-02	2.081243E-02	2.135100E-02	2.072872E-02	2.069916E-02	2.038700E-02	2.008597E-02	1.982671E-02	1.961645E-02	1.925665E-02	1.882501E-02	1.824750E-02	1.728802E-02	1.575200E-02	1.310027E-02	

0.000000E+00	0.000000E+00	0.000000E+00	0.000000E+00	0.000000E+00	0.000000E+00	0.000000E+00	0.000000E+00	0.000000E+00	0.000000E+00	0.000000E+00	0.000000E+00	0.000000E+00	0.000000E+00	2.398177E-02	2.401385E-02	2.371571E-02	2.329420E-02	2.328917E-02	2.323988E-02	2.335165E-02	2.326380E-02	2.292269E-02	2.259324E-02	2.331779E-02	2.325201E-02	2.315410E-02	2.300307E-02	2.270285E-02	2.244394E-02	2.217255E-02	2.317650E-02	2.290219E-02	2.261553E-02	2.236663E-02	2.215321E-02	2.333554E-02	2.315368E-02	2.298175E-02	2.261719E-02	2.230500E-02	2.204736E-02	2.317229E-02	2.297613E-02	2.254498E-02	2.216693E-02	2.173058E-02	2.245375E-02	2.191354E-02	2.248965E-02	2.183754E-02	2.181120E-02	2.148537E-02	2.117080E-02	2.089991E-02	2.068051E-02	2.030506E-02	1.985442E-02	1.925064E-02	1.824461E-02	1.662925E-02	1.383425E-02	

0.000000E+00	0.000000E+00	0.000000E+00	0.000000E+00	0.000000E+00	0.000000E+00	0.000000E+00	0.000000E+00	0.000000E+00	0.000000E+00	0.000000E+00	0.000000E+00	0.000000E+00	0.000000E+00	2.492404E-02	2.499650E-02	2.471629E-02	2.429975E-02	2.431592E-02	2.428214E-02	2.441483E-02	2.434724E-02	2.400798E-02	2.367699E-02	2.445334E-02	2.439465E-02	2.430029E-02	2.414848E-02	2.384127E-02	2.357584E-02	2.329772E-02	2.437160E-02	2.408798E-02	2.378987E-02	2.353071E-02	2.330855E-02	2.456326E-02	2.437369E-02	2.419410E-02	2.381244E-02	2.348541E-02	2.321563E-02	2.440779E-02	2.420249E-02	2.375031E-02	2.335371E-02	2.289630E-02	2.366708E-02	2.310052E-02	2.371777E-02	2.303411E-02	2.301141E-02	2.267095E-02	2.234179E-02	2.205835E-02	2.182900E-02	2.143648E-02	2.096499E-02	2.033231E-02	1.927528E-02	1.757356E-02	1.462361E-02	

0.000000E+00	0.000000E+00	0.000000E+00	0.000000E+00	0.000000E+00	0.000000E+00	0.000000E+00	0.000000E+00	0.000000E+00	0.000000E+00	0.000000E+00	0.000000E+00	0.000000E+00	0.000000E+00	2.595708E-02	2.607087E-02	2.580799E-02	2.539498E-02	2.543225E-02	2.541364E-02	2.556745E-02	2.551946E-02	2.518052E-02	2.484651E-02	2.567829E-02	2.562642E-02	2.553519E-02	2.538189E-02	2.506631E-02	2.479321E-02	2.450725E-02	2.565634E-02	2.536240E-02	2.505182E-02	2.478159E-02	2.455005E-02	2.588236E-02	2.568463E-02	2.549697E-02	2.509733E-02	2.475477E-02	2.447237E-02	2.573728E-02	2.552255E-02	2.504851E-02	2.463262E-02	2.415339E-02	2.497647E-02	2.438230E-02	2.504470E-02	2.432754E-02	2.430894E-02	2.395282E-02	2.360795E-02	2.331093E-02	2.307081E-02	2.265968E-02	2.216539E-02	2.150103E-02	2.038824E-02	1.859257E-02	1.547477E-02	

0.000000E+00	0.000000E+00	0.000000E+00	0.000000E+00	0.000000E+00	0.000000E+00	0.000000E+00	0.000000E+00	0.000000E+00	0.000000E+00	0.000000E+00	0.000000E+00	0.000000E+00	0.000000E+00	2.709623E-02	2.725203E-02	2.700555E-02	2.659431E-02	2.665246E-02	2.664862E-02	2.682377E-02	2.679452E-02	2.645402E-02	2.611519E-02	2.700669E-02	2.696120E-02	2.687244E-02	2.671664E-02	2.639072E-02	2.610825E-02	2.581259E-02	2.704185E-02	2.673575E-02	2.641083E-02	2.612790E-02	2.588563E-02	2.730082E-02	2.709383E-02	2.689709E-02	2.647745E-02	2.611765E-02	2.582129E-02	2.716455E-02	2.693945E-02	2.644153E-02	2.600469E-02	2.550191E-02	2.638166E-02	2.575799E-02	2.646997E-02	2.571730E-02	2.570376E-02	2.533126E-02	2.496988E-02	2.465858E-02	2.440713E-02	2.397645E-02	2.345815E-02	2.276030E-02	2.158814E-02	1.969179E-02	1.639338E-02	

0.000000E+00	0.000000E+00	0.000000E+00	0.000000E+00	0.000000E+00	0.000000E+00	0.000000E+00	0.000000E+00	0.000000E+00	0.000000E+00	0.000000E+00	0.000000E+00	0.000000E+00	0.000000E+00	2.840300E-02	2.860181E-02	2.837020E-02	2.795805E-02	2.803708E-02	2.804769E-02	2.824489E-02	2.823366E-02	2.788906E-02	2.754296E-02	2.850111E-02	2.846161E-02	2.837453E-02	2.821487E-02	2.787582E-02	2.758148E-02	2.727340E-02	2.859050E-02	2.826931E-02	2.792706E-02	2.762876E-02	2.737346E-02	2.888016E-02	2.866194E-02	2.845434E-02	2.801105E-02	2.763088E-02	2.731797E-02	2.874822E-02	2.851084E-02	2.798516E-02	2.752412E-02	2.699426E-02	2.793687E-02	2.728001E-02	2.804776E-02	2.725602E-02	2.724883E-02	2.685879E-02	2.647964E-02	2.615301E-02	2.588947E-02	2.543791E-02	2.489403E-02	2.416029E-02	2.292377E-02	2.091687E-02	1.741828E-02	

0.000000E+00	0.000000E+00	0.000000E+00	0.000000E+00	0.000000E+00	0.000000E+00	0.000000E+00	0.000000E+00	0.000000E+00	0.000000E+00	0.000000E+00	0.000000E+00	0.000000E+00	0.000000E+00	2.989386E-02	3.013676E-02	2.991842E-02	2.950251E-02	2.960251E-02	2.962730E-02	2.984743E-02	2.985358E-02	2.950231E-02	2.914645E-02	3.017924E-02	3.014552E-02	3.005952E-02	2.989474E-02	2.953984E-02	2.923126E-02	2.890819E-02	3.032186E-02	2.998294E-02	2.962057E-02	2.930446E-02	2.903407E-02	3.064206E-02	3.041083E-02	3.019076E-02	2.972042E-02	2.931693E-02	2.898510E-02	3.051200E-02	3.026058E-02	2.970335E-02	2.921492E-02	2.865443E-02	2.966669E-02	2.897259E-02	2.980256E-02	2.896732E-02	2.896742E-02	2.855805E-02	2.815926E-02	2.781571E-02	2.753884E-02	2.706426E-02	2.649223E-02	2.571896E-02	2.441135E-02	2.228190E-02	1.856072E-02	

0.000000E+00	0.000000E+00	0.000000E+00	0.000000E+00	0.000000E+00	0.000000E+00	0.000000E+00	0.000000E+00	0.000000E+00	0.000000E+00	0.000000E+00	0.000000E+00	0.000000E+00	0.000000E+00	3.161140E-02	3.189964E-02	3.169265E-02	3.126963E-02	3.139100E-02	3.142989E-02	3.167434E-02	3.169761E-02	3.133693E-02	3.096870E-02	3.208604E-02	3.205830E-02	3.197312E-02	3.180221E-02	3.142896E-02	3.110405E-02	3.076396E-02	3.228589E-02	3.192717E-02	3.154246E-02	3.120663E-02	3.091959E-02	3.264193E-02	3.239637E-02	3.216258E-02	3.166233E-02	3.123303E-02	3.088027E-02	3.251653E-02	3.224954E-02	3.165714E-02	3.113807E-02	3.054323E-02	3.163395E-02	3.089755E-02	3.179679E-02	3.091157E-02	3.091898E-02	3.048704E-02	3.006540E-02	2.970212E-02	2.940961E-02	2.890802E-02	2.830301E-02	2.748368E-02	2.609415E-02	2.382481E-02	1.985112E-02	

0.000000E+00	0.000000E+00	0.000000E+00	0.000000E+00	0.000000E+00	0.000000E+00	0.000000E+00	0.000000E+00	0.000000E+00	0.000000E+00	0.000000E+00	0.000000E+00	0.000000E+00	0.000000E+00	3.364344E-02	3.397912E-02	3.378107E-02	3.334654E-02	3.349026E-02	3.354349E-02	3.381455E-02	3.385520E-02	3.348179E-02	3.309801E-02	3.431362E-02	3.429252E-02	3.420822E-02	3.403021E-02	3.363588E-02	3.329243E-02	3.293336E-02	3.458092E-02	3.420044E-02	3.379113E-02	3.343368E-02	3.312856E-02	3.498425E-02	3.472310E-02	3.447439E-02	3.394115E-02	3.348333E-02	3.310748E-02	3.487128E-02	3.458705E-02	3.395513E-02	3.340139E-02	3.276740E-02	3.394904E-02	3.316318E-02	3.414086E-02	3.319582E-02	3.320978E-02	3.274996E-02	3.230026E-02	3.191267E-02	3.160074E-02	3.106556E-02	3.041960E-02	2.954354E-02	2.805504E-02	2.561972E-02	2.135009E-02	

0.000000E+00	0.000000E+00	0.000000E+00	0.000000E+00	0.000000E+00	0.000000E+00	0.000000E+00	0.000000E+00	0.000000E+00	0.000000E+00	0.000000E+00	0.000000E+00	0.000000E+00	0.000000E+00	3.614561E-02	3.653251E-02	3.634026E-02	3.588798E-02	3.605608E-02	3.612440E-02	3.642595E-02	3.648473E-02	3.609355E-02	3.568921E-02	3.702254E-02	3.700863E-02	3.692484E-02	3.673791E-02	3.631786E-02	3.595201E-02	3.557029E-02	3.736844E-02	3.696248E-02	3.652439E-02	3.614178E-02	3.581572E-02	3.783263E-02	3.755343E-02	3.728747E-02	3.671573E-02	3.622461E-02	3.582182E-02	3.773983E-02	3.743543E-02	3.675680E-02	3.616188E-02	3.548112E-02	3.677196E-02	3.592596E-02	3.699610E-02	3.597709E-02	3.599703E-02	3.550193E-02	3.501688E-02	3.459860E-02	3.426200E-02	3.368416E-02	3.298623E-02	3.203869E-02	3.042711E-02	2.778818E-02	2.315897E-02	

0.000000E+00	0.000000E+00	0.000000E+00	0.000000E+00	0.000000E+00	0.000000E+00	0.000000E+00	0.000000E+00	0.000000E+00	0.000000E+00	0.000000E+00	0.000000E+00	0.000000E+00	0.000000E+00	3.915958E-02	3.959896E-02	3.940684E-02	3.892832E-02	3.912165E-02	3.920464E-02	3.953976E-02	3.961507E-02	3.919820E-02	3.876547E-02	4.023536E-02	4.022710E-02	4.014142E-02	3.994171E-02	3.948826E-02	3.909337E-02	3.868205E-02	4.065508E-02	4.021687E-02	3.974306E-02	3.932933E-02	3.897737E-02	4.118469E-02	4.088339E-02	4.059636E-02	3.997817E-02	3.944711E-02	3.901214E-02	4.111281E-02	4.078454E-02	4.005082E-02	3.940754E-02	3.867227E-02	4.009406E-02	3.917840E-02	4.036108E-02	3.925659E-02	3.928524E-02	3.874968E-02	3.822390E-02	3.777025E-02	3.740524E-02	3.677821E-02	3.602020E-02	3.498962E-02	3.323399E-02	3.035527E-02	2.530105E-02	

0.000000E+00	0.000000E+00	0.000000E+00	0.000000E+00	0.000000E+00	0.000000E+00	0.000000E+00	0.000000E+00	0.000000E+00	0.000000E+00	0.000000E+00	0.000000E+00	0.000000E+00	0.000000E+00	4.381439E-02	4.432672E-02	4.412823E-02	4.360444E-02	4.383327E-02	4.393590E-02	4.432036E-02	4.441640E-02	4.395550E-02	4.347474E-02	4.514541E-02	4.514145E-02	4.504901E-02	4.482651E-02	4.431775E-02	4.387447E-02	4.341297E-02	4.564297E-02	4.515088E-02	4.461848E-02	4.415362E-02	4.375864E-02	4.625090E-02	4.591310E-02	4.559134E-02	4.489811E-02	4.430291E-02	4.381610E-02	4.619044E-02	4.582386E-02	4.500332E-02	4.428437E-02	4.346430E-02	4.508253E-02	4.406104E-02	4.541454E-02	4.418249E-02	4.422619E-02	4.363110E-02	4.304533E-02	4.253972E-02	4.213317E-02	4.143425E-02	4.058841E-02	3.943602E-02	3.746696E-02	3.422967E-02	2.853602E-02	

0.000000E+00	0.000000E+00	0.000000E+00	0.000000E+00	0.000000E+00	0.000000E+00	0.000000E+00	0.000000E+00	0.000000E+00	0.000000E+00	0.000000E+00	0.000000E+00	0.000000E+00	0.000000E+00	5.177208E-02	5.239973E-02	5.218292E-02	5.157662E-02	5.186252E-02	5.199587E-02	5.246245E-02	5.259012E-02	5.205083E-02	5.148525E-02	5.348877E-02	5.348902E-02	5.338248E-02	5.311939E-02	5.251461E-02	5.198720E-02	5.143797E-02	5.409610E-02	5.351020E-02	5.287621E-02	5.232261E-02	5.185259E-02	5.482334E-02	5.442186E-02	5.403949E-02	5.321616E-02	5.250990E-02	5.193307E-02	5.476647E-02	5.433325E-02	5.336278E-02	5.251340E-02	5.154711E-02	5.349291E-02	5.229056E-02	5.392880E-02	5.248037E-02	5.254856E-02	5.185259E-02	5.116553E-02	5.057232E-02	5.009581E-02	4.927599E-02	4.828266E-02	4.692585E-02	4.459820E-02	4.075757E-02	3.398694E-02	

0.000000E+00	0.000000E+00	0.000000E+00	0.000000E+00	0.000000E+00	0.000000E+00	0.000000E+00	0.000000E+00	0.000000E+00	0.000000E+00	0.000000E+00	0.000000E+00	0.000000E+00	0.000000E+00	6.640006E-02	6.723301E-02	6.697759E-02	6.621690E-02	6.660765E-02	6.679814E-02	6.741752E-02	6.760689E-02	6.692715E-02	6.620959E-02	6.882360E-02	6.883517E-02	6.870641E-02	6.837287E-02	6.759799E-02	6.692189E-02	6.621826E-02	6.966659E-02	6.891470E-02	6.809937E-02	6.738718E-02	6.678288E-02	7.063303E-02	7.011708E-02	6.962549E-02	6.856634E-02	6.765827E-02	6.691743E-02	7.059183E-02	7.003641E-02	6.879016E-02	6.770001E-02	6.646248E-02	6.900201E-02	6.746216E-02	6.961116E-02	6.775744E-02	6.786319E-02	6.697626E-02	6.609852E-02	6.534049E-02	6.473212E-02	6.368481E-02	6.241468E-02	6.067618E-02	5.768360E-02	5.273061E-02	4.398117E-02	

0.000000E+00	0.000000E+00	0.000000E+00	0.000000E+00	0.000000E+00	0.000000E+00	0.000000E+00	0.000000E+00	0.000000E+00	0.000000E+00	0.000000E+00	0.000000E+00	0.000000E+00	0.000000E+00	9.011018E-02	9.126598E-02	9.094160E-02	8.992759E-02	9.049170E-02	9.077901E-02	9.165287E-02	9.195337E-02	9.105532E-02	9.010106E-02	9.372078E-02	9.376227E-02	9.360830E-02	9.317073E-02	9.213407E-02	9.123017E-02	9.029241E-02	9.504730E-02	9.404194E-02	9.294546E-02	9.198718E-02	9.117470E-02	9.646796E-02	9.577379E-02	9.511144E-02	9.367966E-02	9.245193E-02	9.145092E-02	9.650120E-02	9.575083E-02	9.406066E-02	9.258111E-02	9.090318E-02	9.440806E-02	9.231401E-02	9.528615E-02	9.276207E-02	9.292015E-02	9.171421E-02	9.051910E-02	8.948661E-02	8.865823E-02	8.723179E-02	8.550117E-02	8.313011E-02	7.904214E-02	7.226586E-02	6.028272E-02	

0.000000E+00	0.000000E+00	0.000000E+00	0.000000E+00	0.000000E+00	0.000000E+00	0.000000E+00	0.000000E+00	0.000000E+00	0.000000E+00	0.000000E+00	0.000000E+00	0.000000E+00	0.000000E+00	1.206219E-01	1.221864E-01	1.217699E-01	1.204293E-01	1.212292E-01	1.216539E-01	1.228731E-01	1.233433E-01	1.221842E-01	1.209447E-01	1.259013E-01	1.260053E-01	1.258405E-01	1.252884E-01	1.239400E-01	1.227668E-01	1.215570E-01	1.280538E-01	1.267503E-01	1.253145E-01	1.240588E-01	1.229953E-01	1.301912E-01	1.292808E-01	1.284100E-01	1.265155E-01	1.248896E-01	1.235642E-01	1.304226E-01	1.294274E-01	1.271717E-01	1.251928E-01	1.229480E-01	1.277164E-01	1.248976E-01	1.289377E-01	1.255284E-01	1.257450E-01	1.241135E-01	1.224963E-01	1.210985E-01	1.199767E-01	1.180452E-01	1.157021E-01	1.124928E-01	1.069613E-01	9.779323E-02	8.157928E-02	

0.000000E+00	0.000000E+00	0.000000E+00	0.000000E+00	0.000000E+00	0.000000E+00	0.000000E+00	0.000000E+00	0.000000E+00	0.000000E+00	0.000000E+00	0.000000E+00	0.000000E+00	0.000000E+00	1.507741E-01	1.527411E-01	1.522301E-01	1.505618E-01	1.516031E-01	1.521709E-01	1.537439E-01	1.543954E-01	1.529831E-01	1.514662E-01	1.577754E-01	1.579528E-01	1.577874E-01	1.571306E-01	1.554841E-01	1.540553E-01	1.525911E-01	1.608567E-01	1.592744E-01	1.575162E-01	1.559778E-01	1.546772E-01	1.637976E-01	1.626830E-01	1.616144E-01	1.592761E-01	1.572685E-01	1.556330E-01	1.643198E-01	1.630909E-01	1.602872E-01	1.578230E-01	1.550280E-01	1.610869E-01	1.575550E-01	1.626867E-01	1.583993E-01	1.586809E-01	1.566263E-01	1.545882E-01	1.528255E-01	1.514105E-01	1.489738E-01	1.460176E-01	1.419682E-01	1.349889E-01	1.234208E-01	1.029602E-01	

0.000000E+00	0.000000E+00	0.000000E+00	0.000000E+00	0.000000E+00	0.000000E+00	0.000000E+00	0.000000E+00	0.000000E+00	0.000000E+00	0.000000E+00	0.000000E+00	0.000000E+00	0.000000E+00	1.741524E-01	1.764246E-01	1.758265E-01	1.738850E-01	1.751048E-01	1.757737E-01	1.776155E-01	1.783871E-01	1.767515E-01	1.749939E-01	1.823497E-01	1.825681E-01	1.823882E-01	1.816368E-01	1.797403E-01	1.780982E-01	1.764213E-01	1.860700E-01	1.842620E-01	1.822469E-01	1.804852E-01	1.789992E-01	1.896389E-01	1.883672E-01	1.871471E-01	1.844701E-01	1.821740E-01	1.803071E-01	1.904478E-01	1.890482E-01	1.858385E-01	1.830160E-01	1.798211E-01	1.869453E-01	1.828911E-01	1.889429E-01	1.840081E-01	1.843753E-01	1.820139E-01	1.796655E-01	1.776329E-01	1.760016E-01	1.731901E-01	1.697756E-01	1.650909E-01	1.569992E-01	1.435643E-01	1.197774E-01	

0.000000E+00	0.000000E+00	0.000000E+00	0.000000E+00	0.000000E+00	0.000000E+00	0.000000E+00	0.000000E+00	0.000000E+00	0.000000E+00	0.000000E+00	0.000000E+00	0.000000E+00	0.000000E+00	1.892663E-01	1.917043E-01	1.910152E-01	1.888607E-01	1.901668E-01	1.908726E-01	1.928634E-01	1.936615E-01	1.918307E-01	1.898714E-01	1.978719E-01	1.980823E-01	1.978627E-01	1.970226E-01	1.949285E-01	1.931179E-01	1.912709E-01	2.017950E-01	1.998175E-01	1.976195E-01	1.957011E-01	1.940875E-01	2.057180E-01	2.043422E-01	2.030229E-01	2.001293E-01	1.976533E-01	1.956459E-01	2.067508E-01	2.052535E-01	2.018067E-01	1.987781E-01	1.953620E-01	2.032445E-01	1.989006E-01	2.056361E-01	2.003392E-01	2.008100E-01	1.982859E-01	1.957651E-01	1.935815E-01	1.918299E-01	1.888074E-01	1.851296E-01	1.800686E-01	1.712912E-01	1.566709E-01	1.307369E-01	

0.000000E+00	0.000000E+00	0.000000E+00	0.000000E+00	0.000000E+00	0.000000E+00	0.000000E+00	0.000000E+00	0.000000E+00	0.000000E+00	0.000000E+00	0.000000E+00	0.000000E+00	0.000000E+00	1.966019E-01	1.990967E-01	1.983364E-01	1.960507E-01	1.973764E-01	1.980783E-01	2.001228E-01	2.008945E-01	1.989295E-01	1.968366E-01	2.051256E-01	2.053055E-01	2.050432E-01	2.041391E-01	2.019213E-01	2.000059E-01	1.980515E-01	2.089859E-01	2.069088E-01	2.046095E-01	2.026062E-01	2.009254E-01	2.130432E-01	2.116155E-01	2.102473E-01	2.072516E-01	2.046941E-01	2.026264E-01	2.142174E-01	2.126831E-01	2.091415E-01	2.060328E-01	2.025389E-01	2.108427E-01	2.063950E-01	2.135297E-01	2.080997E-01	2.086570E-01	2.060803E-01	2.034968E-01	2.012571E-01	1.994617E-01	1.963597E-01	1.925781E-01	1.873592E-01	1.782732E-01	1.630931E-01	1.361196E-01	

0.000000E+00	0.000000E+00	0.000000E+00	0.000000E+00	0.000000E+00	0.000000E+00	0.000000E+00	0.000000E+00	0.000000E+00	0.000000E+00	0.000000E+00	0.000000E+00	0.000000E+00	0.000000E+00	1.990519E-01	2.015864E-01	2.008111E-01	1.984822E-01	1.998190E-01	2.005206E-01	2.025853E-01	2.033426E-01	2.013191E-01	1.991667E-01	2.075487E-01	2.077068E-01	2.074192E-01	2.064826E-01	2.042072E-01	2.022421E-01	2.002355E-01	2.113050E-01	2.091809E-01	2.068367E-01	2.047959E-01	2.030857E-01	2.153768E-01	2.139275E-01	2.125398E-01	2.095057E-01	2.069195E-01	2.048321E-01	2.166018E-01	2.150581E-01	2.114912E-01	2.083631E-01	2.048559E-01	2.133351E-01	2.088704E-01	2.161836E-01	2.107308E-01	2.113391E-01	2.087591E-01	2.061657E-01	2.039165E-01	2.021141E-01	1.989976E-01	1.951938E-01	1.899344E-01	1.807545E-01	1.653871E-01	1.380497E-01	

0.000000E+00	0.000000E+00	0.000000E+00	0.000000E+00	0.000000E+00	0.000000E+00	0.000000E+00	0.000000E+00	0.000000E+00	0.000000E+00	0.000000E+00	0.000000E+00	0.000000E+00	0.000000E+00	1.969832E-01	1.995285E-01	1.987874E-01	1.964998E-01	1.978381E-01	1.985431E-01	2.005943E-01	2.013511E-01	1.993482E-01	1.972138E-01	2.054958E-01	2.056444E-01	2.053523E-01	2.044174E-01	2.021537E-01	2.001965E-01	1.981952E-01	2.091229E-01	2.070051E-01	2.046715E-01	2.026397E-01	2.009355E-01	2.130805E-01	2.116369E-01	2.102555E-01	2.072397E-01	2.046696E-01	2.025952E-01	2.142288E-01	2.126948E-01	2.091560E-01	2.060549E-01	2.025793E-01	2.109599E-01	2.065416E-01	2.137737E-01	2.083816E-01	2.089847E-01	2.064346E-01	2.038712E-01	2.016482E-01	1.998672E-01	1.967874E-01	1.930287E-01	1.878313E-01	1.787574E-01	1.635636E-01	1.365303E-01	

0.000000E+00	0.000000E+00	0.000000E+00	0.000000E+00	0.000000E+00	0.000000E+00	0.000000E+00	0.000000E+00	0.000000E+00	0.000000E+00	0.000000E+00	0.000000E+00	0.000000E+00	0.000000E+00	1.969881E-01	1.995562E-01	1.988427E-01	1.965844E-01	1.979421E-01	1.986648E-01	2.007268E-01	2.015086E-01	1.995328E-01	1.974210E-01	2.056799E-01	2.058367E-01	2.055532E-01	2.046260E-01	2.023737E-01	2.004225E-01	1.984251E-01	2.092983E-01	2.071780E-01	2.048403E-01	2.028028E-01	2.010884E-01	2.131677E-01	2.117132E-01	2.103218E-01	2.072866E-01	2.046966E-01	2.026023E-01	2.141617E-01	2.126068E-01	2.090350E-01	2.059054E-01	2.023912E-01	2.106652E-01	2.062079E-01	2.133229E-01	2.078920E-01	2.084450E-01	2.058694E-01	2.032883E-01	2.010514E-01	1.992590E-01	1.961611E-01	1.923862E-01	1.871768E-01	1.781045E-01	1.629426E-01	1.359955E-01	

0.000000E+00	0.000000E+00	0.000000E+00	0.000000E+00	0.000000E+00	0.000000E+00	0.000000E+00	0.000000E+00	0.000000E+00	0.000000E+00	0.000000E+00	0.000000E+00	0.000000E+00	0.000000E+00	1.934937E-01	1.959675E-01	1.952419E-01	1.930169E-01	1.943259E-01	1.950159E-01	1.970132E-01	1.977518E-01	1.958042E-01	1.937261E-01	2.017544E-01	2.018906E-01	2.015999E-01	2.006814E-01	1.984646E-01	1.965409E-01	1.945676E-01	2.051295E-01	2.030340E-01	2.007278E-01	1.987164E-01	1.970185E-01	2.087602E-01	2.073186E-01	2.059408E-01	2.029412E-01	2.003789E-01	1.983032E-01	2.095343E-01	2.079877E-01	2.044524E-01	2.013565E-01	1.978733E-01	2.058560E-01	2.014512E-01	2.082912E-01	2.029347E-01	2.034230E-01	2.008755E-01	1.983308E-01	1.961270E-01	1.943609E-01	1.913105E-01	1.875995E-01	1.824895E-01	1.736139E-01	1.588109E-01	1.325313E-01	

0.000000E+00	0.000000E+00	0.000000E+00	0.000000E+00	0.000000E+00	0.000000E+00	0.000000E+00	0.000000E+00	0.000000E+00	0.000000E+00	0.000000E+00	0.000000E+00	0.000000E+00	0.000000E+00	1.789613E-01	1.809826E-01	1.801249E-01	1.779448E-01	1.789961E-01	1.794977E-01	1.811975E-01	1.816770E-01	1.797502E-01	1.777296E-01	1.848848E-01	1.849038E-01	1.845492E-01	1.836346E-01	1.815178E-01	1.796799E-01	1.777845E-01	1.872413E-01	1.852495E-01	1.830814E-01	1.811912E-01	1.795922E-01	1.901760E-01	1.888223E-01	1.875322E-01	1.847419E-01	1.823601E-01	1.804287E-01	1.905580E-01	1.891177E-01	1.858501E-01	1.829941E-01	1.797783E-01	1.869347E-01	1.828914E-01	1.890130E-01	1.841118E-01	1.845176E-01	1.821824E-01	1.798556E-01	1.778417E-01	1.762274E-01	1.734410E-01	1.700552E-01	1.654007E-01	1.573332E-01	1.439000E-01	1.200751E-01	

0.000000E+00	0.000000E+00	0.000000E+00	0.000000E+00	0.000000E+00	0.000000E+00	0.000000E+00	0.000000E+00	0.000000E+00	0.000000E+00	0.000000E+00	0.000000E+00	0.000000E+00	0.000000E+00	1.413110E-01	1.422844E-01	1.411775E-01	1.391789E-01	1.396456E-01	1.397315E-01	1.407390E-01	1.406581E-01	1.388564E-01	1.370420E-01	1.420890E-01	1.418655E-01	1.413936E-01	1.405270E-01	1.387085E-01	1.371283E-01	1.354768E-01	1.422477E-01	1.405562E-01	1.387666E-01	1.372078E-01	1.358828E-01	1.436207E-01	1.425071E-01	1.414533E-01	1.392152E-01	1.373081E-01	1.357569E-01	1.431767E-01	1.420177E-01	1.394426E-01	1.372036E-01	1.346764E-01	1.398203E-01	1.366960E-01	1.410735E-01	1.373246E-01	1.375450E-01	1.357508E-01	1.339760E-01	1.324427E-01	1.312127E-01	1.290943E-01	1.265286E-01	1.230180E-01	1.169692E-01	1.069439E-01	8.921089E-02	

0.000000E+00	0.000000E+00	0.000000E+00	0.000000E+00	0.000000E+00	0.000000E+00	0.000000E+00	0.000000E+00	0.000000E+00	0.000000E+00	0.000000E+00	0.000000E+00	0.000000E+00	0.000000E+00	5.790189E-02	5.725992E-02	5.610229E-02	5.483879E-02	5.442809E-02	5.395140E-02	5.380627E-02	5.301355E-02	5.181918E-02	5.071912E-02	5.176557E-02	5.127518E-02	5.075924E-02	5.016201E-02	4.917034E-02	4.830569E-02	4.736476E-02	4.894001E-02	4.803784E-02	4.716480E-02	4.640466E-02	4.574788E-02	4.784922E-02	4.730894E-02	4.680935E-02	4.581720E-02	4.497597E-02	4.428206E-02	4.631633E-02	4.579344E-02	4.472797E-02	4.382168E-02	4.278562E-02	4.399799E-02	4.281762E-02	4.380660E-02	4.246686E-02	4.238073E-02	4.172740E-02	4.110514E-02	4.057295E-02	4.014463E-02	3.941612E-02	3.854936E-02	3.739331E-02	3.546675E-02	3.235753E-02	2.694417E-02	

